#File containing charge calibration histograms for the LS and event number stated in the filename
#Below is the charge histogram data for all PMTs in the double-liner tanks
#PMTs 1 and 3 are the upper PMTs while PMT 2 is the lower PMT
#PMT 4 is the combined histogram (the sum of PMT 1, 2, and 3 histograms) - not useful here...
#All PMT charge histogram data listed in this file has the following form:
#NumEntries, BinCenter
#Units are:
#[unitless], [ADC counts * time]
#NOTE: The large bins here are not scaled w.r.t. bin size like they are in CDAS. Keep this in mind for future analyses...
#PMT 1
 9, 965.5
 29, 966.5
 71, 967.5
 129, 968.5
 216, 969.5
 340, 970.5
 555, 971.5
 703, 972.5
 900, 973.5
 1056, 974.5
 1181, 975.5
 1349, 976.5
 1393, 977.5
 1472, 978.5
 1566, 979.5
 1590, 980.5
 1577, 981.5
 1509, 982.5
 1594, 983.5
 1616, 984.5
 1569, 985.5
 1567, 986.5
 1499, 987.5
 1497, 988.5
 1484, 989.5
 1412, 990.5
 1417, 991.5
 1403, 992.5
 1354, 993.5
 1325, 994.5
 1335, 995.5
 1302, 996.5
 1219, 997.5
 1262, 998.5
 1207, 999.5
 1259, 1000.5
 1139, 1001.5
 1133, 1002.5
 1038, 1003.5
 1061, 1004.5
 973, 1005.5
 986, 1006.5
 925, 1007.5
 947, 1008.5
 908, 1009.5
 878, 1010.5
 902, 1011.5
 802, 1012.5
 775, 1013.5
 806, 1014.5
 771, 1015.5
 743, 1016.5
 761, 1017.5
 698, 1018.5
 716, 1019.5
 683, 1020.5
 683, 1021.5
 660, 1022.5
 648, 1023.5
 637, 1024.5
 616, 1025.5
 598, 1026.5
 598, 1027.5
 579, 1028.5
 590, 1029.5
 498, 1030.5
 543, 1031.5
 535, 1032.5
 522, 1033.5
 497, 1034.5
 459, 1035.5
 491, 1036.5
 506, 1037.5
 506, 1038.5
 505, 1039.5
 450, 1040.5
 498, 1041.5
 428, 1042.5
 427, 1043.5
 389, 1044.5
 449, 1045.5
 403, 1046.5
 386, 1047.5
 410, 1048.5
 387, 1049.5
 373, 1050.5
 366, 1051.5
 340, 1052.5
 345, 1053.5
 391, 1054.5
 342, 1055.5
 342, 1056.5
 343, 1057.5
 306, 1058.5
 278, 1059.5
 338, 1060.5
 284, 1061.5
 306, 1062.5
 298, 1063.5
 283, 1064.5
 306, 1065.5
 276, 1066.5
 264, 1067.5
 257, 1068.5
 289, 1069.5
 270, 1070.5
 252, 1071.5
 256, 1072.5
 228, 1073.5
 252, 1074.5
 215, 1075.5
 222, 1076.5
 253, 1077.5
 237, 1078.5
 214, 1079.5
 207, 1080.5
 219, 1081.5
 225, 1082.5
 209, 1083.5
 221, 1084.5
 195, 1085.5
 193, 1086.5
 167, 1087.5
 211, 1088.5
 200, 1089.5
 179, 1090.5
 180, 1091.5
 179, 1092.5
 189, 1093.5
 191, 1094.5
 175, 1095.5
 178, 1096.5
 167, 1097.5
 192, 1098.5
 154, 1099.5
 167, 1100.5
 161, 1101.5
 166, 1102.5
 154, 1103.5
 144, 1104.5
 154, 1105.5
 131, 1106.5
 156, 1107.5
 158, 1108.5
 153, 1109.5
 145, 1110.5
 143, 1111.5
 143, 1112.5
 134, 1113.5
 121, 1114.5
 150, 1115.5
 140, 1116.5
 136, 1117.5
 152, 1118.5
 118, 1119.5
 135, 1120.5
 114, 1121.5
 149, 1122.5
 129, 1123.5
 120, 1124.5
 117, 1125.5
 106, 1126.5
 115, 1127.5
 134, 1128.5
 135, 1129.5
 106, 1130.5
 111, 1131.5
 128, 1132.5
 108, 1133.5
 110, 1134.5
 100, 1135.5
 112, 1136.5
 120, 1137.5
 99, 1138.5
 89, 1139.5
 100, 1140.5
 92, 1141.5
 95, 1142.5
 98, 1143.5
 90, 1144.5
 94, 1145.5
 93, 1146.5
 98, 1147.5
 104, 1148.5
 90, 1149.5
 97, 1150.5
 103, 1151.5
 81, 1152.5
 87, 1153.5
 92, 1154.5
 76, 1155.5
 84, 1156.5
 89, 1157.5
 84, 1158.5
 89, 1159.5
 72, 1160.5
 71, 1161.5
 80, 1162.5
 86, 1163.5
 72, 1164.5
 72, 1165.5
 82, 1166.5
 62, 1167.5
 64, 1168.5
 72, 1169.5
 52, 1170.5
 81, 1171.5
 74, 1172.5
 62, 1173.5
 63, 1174.5
 67, 1175.5
 53, 1176.5
 47, 1177.5
 66, 1178.5
 52, 1179.5
 59, 1180.5
 68, 1181.5
 53, 1182.5
 44, 1183.5
 53, 1184.5
 43, 1185.5
 53, 1186.5
 49, 1187.5
 59, 1188.5
 55, 1189.5
 58, 1190.5
 51, 1191.5
 41, 1192.5
 45, 1193.5
 58, 1194.5
 60, 1195.5
 47, 1196.5
 46, 1197.5
 38, 1198.5
 45, 1199.5
 41, 1200.5
 37, 1201.5
 61, 1202.5
 41, 1203.5
 44, 1204.5
 48, 1205.5
 42, 1206.5
 38, 1207.5
 41, 1208.5
 32, 1209.5
 37, 1210.5
 45, 1211.5
 42, 1212.5
 42, 1213.5
 46, 1214.5
 44, 1215.5
 29, 1216.5
 36, 1217.5
 30, 1218.5
 40, 1219.5
 38, 1220.5
 31, 1221.5
 37, 1222.5
 34, 1223.5
 36, 1224.5
 37, 1225.5
 36, 1226.5
 30, 1227.5
 38, 1228.5
 33, 1229.5
 27, 1230.5
 31, 1231.5
 31, 1232.5
 42, 1233.5
 23, 1234.5
 31, 1235.5
 28, 1236.5
 23, 1237.5
 29, 1238.5
 39, 1239.5
 39, 1240.5
 27, 1241.5
 24, 1242.5
 24, 1243.5
 27, 1244.5
 24, 1245.5
 25, 1246.5
 27, 1247.5
 24, 1248.5
 29, 1249.5
 20, 1250.5
 19, 1251.5
 26, 1252.5
 28, 1253.5
 20, 1254.5
 21, 1255.5
 25, 1256.5
 22, 1257.5
 24, 1258.5
 18, 1259.5
 17, 1260.5
 18, 1261.5
 18, 1262.5
 18, 1263.5
 21, 1264.5
 20, 1265.5
 19, 1266.5
 25, 1267.5
 22, 1268.5
 22, 1269.5
 20, 1270.5
 14, 1271.5
 15, 1272.5
 24, 1273.5
 14, 1274.5
 17, 1275.5
 15, 1276.5
 13, 1277.5
 13, 1278.5
 11, 1279.5
 24, 1280.5
 14, 1281.5
 20, 1282.5
 19, 1283.5
 15, 1284.5
 12, 1285.5
 17, 1286.5
 11, 1287.5
 13, 1288.5
 22, 1289.5
 21, 1290.5
 12, 1291.5
 20, 1292.5
 9, 1293.5
 13, 1294.5
 19, 1295.5
 16, 1296.5
 15, 1297.5
 22, 1298.5
 13, 1299.5
 14, 1300.5
 12, 1301.5
 17, 1302.5
 21, 1303.5
 7, 1304.5
 4, 1305.5
 15, 1306.5
 7, 1307.5
 12, 1308.5
 15, 1309.5
 7, 1310.5
 11, 1311.5
 11, 1312.5
 12, 1313.5
 11, 1314.5
 11, 1315.5
 6, 1316.5
 9, 1317.5
 7, 1318.5
 13, 1319.5
 6, 1320.5
 14, 1321.5
 22, 1322.5
 10, 1323.5
 16, 1324.5
 10, 1325.5
 9, 1326.5
 9, 1327.5
 11, 1328.5
 19, 1329.5
 13, 1330.5
 11, 1331.5
 7, 1332.5
 12, 1333.5
 6, 1334.5
 5, 1335.5
 9, 1336.5
 10, 1337.5
 13, 1338.5
 2, 1339.5
 8, 1340.5
 9, 1341.5
 3, 1342.5
 9, 1343.5
 13, 1344.5
 10, 1345.5
 10, 1346.5
 9, 1347.5
 9, 1348.5
 9, 1349.5
 7, 1350.5
 10, 1351.5
 3, 1352.5
 15, 1353.5
 4, 1354.5
 11, 1355.5
 12, 1356.5
 9, 1357.5
 8, 1358.5
 10, 1359.5
 3, 1360.5
 7, 1361.5
 3, 1362.5
 8, 1363.5
 9, 1364.5
 24, 1366.5
 22, 1369.5
 22, 1372.5
 27, 1375.5
 18, 1378.5
 26, 1381.5
 24, 1384.5
 20, 1387.5
 19, 1390.5
 21, 1393.5
 11, 1396.5
 21, 1399.5
 19, 1402.5
 11, 1405.5
 17, 1408.5
 15, 1411.5
 20, 1414.5
 9, 1417.5
 14, 1420.5
 17, 1423.5
 14, 1426.5
 13, 1429.5
 9, 1432.5
 14, 1435.5
 11, 1438.5
 16, 1441.5
 11, 1444.5
 13, 1447.5
 9, 1450.5
 16, 1453.5
 11, 1456.5
 6, 1459.5
 12, 1462.5
 11, 1465.5
 7, 1468.5
 11, 1471.5
 11, 1474.5
 4, 1477.5
 4, 1480.5
 11, 1483.5
 6, 1486.5
 9, 1489.5
 10, 1492.5
 7, 1495.5
 6, 1498.5
 13, 1501.5
 4, 1504.5
 10, 1507.5
 8, 1510.5
 4, 1513.5
 8, 1516.5
 6, 1519.5
 3, 1522.5
 8, 1525.5
 6, 1528.5
 6, 1531.5
 11, 1534.5
 4, 1537.5
 9, 1540.5
 9, 1543.5
 7, 1546.5
 4, 1549.5
 7, 1552.5
 4, 1555.5
 3, 1558.5
 6, 1561.5
 6, 1564.5
 7, 1567.5
 5, 1570.5
 5, 1573.5
 2, 1576.5
 7, 1579.5
 4, 1582.5
 4, 1585.5
 3, 1588.5
 5, 1591.5
 5, 1594.5
 6, 1597.5
 6, 1600.5
 4, 1603.5
 4, 1606.5
 3, 1609.5
 3, 1612.5
 5, 1615.5
 3, 1618.5
 4, 1621.5
 4, 1624.5
 7, 1627.5
 4, 1630.5
 2, 1633.5
 1, 1636.5
 3, 1639.5
 4, 1642.5
 3, 1645.5
 4, 1648.5
 1, 1651.5
 5, 1654.5
 4, 1657.5
 1, 1660.5
 4, 1663.5
 4, 1666.5
 2, 1669.5
 5, 1672.5
 5, 1675.5
 1, 1678.5
 0, 1681.5
 3, 1684.5
 3, 1687.5
 3, 1690.5
 1, 1693.5
 1, 1696.5
 1, 1699.5
 2, 1702.5
 2, 1705.5
 1, 1708.5
 1, 1711.5
 1, 1714.5
 0, 1717.5
 3, 1720.5
 0, 1723.5
 3, 1726.5
 0, 1729.5
 1, 1732.5
 1, 1735.5
 4, 1738.5
 1, 1741.5
 1, 1744.5
 2, 1747.5
 2, 1750.5
 2, 1753.5
 3, 1756.5
 0, 1759.5
 4, 1762.5
 0, 1765.5
 4, 1768.5
 1, 1771.5
 1, 1774.5
 0, 1777.5
 3, 1780.5
 0, 1783.5
 2, 1786.5
 3, 1789.5
 2, 1792.5
 0, 1795.5
 4, 1798.5
 2, 1801.5
 0, 1804.5
 1, 1807.5
 1, 1810.5
 2, 1813.5
 0, 1816.5
 1, 1819.5
 2, 1822.5
 1, 1825.5
 1, 1828.5
 0, 1831.5
 0, 1834.5
 1, 1837.5
 2, 1840.5
 3, 1843.5
 0, 1846.5
 1, 1849.5
 3, 1852.5
 1, 1855.5
 2, 1858.5
 1, 1861.5
 1, 1864.5
 0, 1867.5
 0, 1870.5
 1, 1873.5
 2, 1876.5
 0, 1879.5
 0, 1882.5
 1, 1885.5
 2, 1888.5
 0, 1891.5
 1, 1894.5
 1, 1897.5
 2, 1900.5
 0, 1903.5
 0, 1906.5
 0, 1909.5
 2, 1912.5
 0, 1915.5
 2, 1918.5
 1, 1921.5
 0, 1924.5
 0, 1927.5
 3, 1930.5
 0, 1933.5
 1, 1936.5
 1, 1939.5
 0, 1942.5
 0, 1945.5
 0, 1948.5
 2, 1951.5
 0, 1954.5
 0, 1957.5
 0, 1960.5
 85, 1963.5
============================================
#PMT 2
 15, 1006.5
 33, 1007.5
 84, 1008.5
 143, 1009.5
 233, 1010.5
 284, 1011.5
 323, 1012.5
 374, 1013.5
 408, 1014.5
 394, 1015.5
 415, 1016.5
 409, 1017.5
 381, 1018.5
 386, 1019.5
 368, 1020.5
 392, 1021.5
 353, 1022.5
 380, 1023.5
 335, 1024.5
 357, 1025.5
 318, 1026.5
 345, 1027.5
 360, 1028.5
 316, 1029.5
 309, 1030.5
 309, 1031.5
 314, 1032.5
 319, 1033.5
 331, 1034.5
 302, 1035.5
 295, 1036.5
 300, 1037.5
 296, 1038.5
 273, 1039.5
 283, 1040.5
 281, 1041.5
 255, 1042.5
 293, 1043.5
 262, 1044.5
 268, 1045.5
 282, 1046.5
 289, 1047.5
 237, 1048.5
 285, 1049.5
 247, 1050.5
 269, 1051.5
 231, 1052.5
 239, 1053.5
 235, 1054.5
 257, 1055.5
 266, 1056.5
 206, 1057.5
 252, 1058.5
 249, 1059.5
 258, 1060.5
 240, 1061.5
 255, 1062.5
 218, 1063.5
 262, 1064.5
 225, 1065.5
 246, 1066.5
 230, 1067.5
 204, 1068.5
 257, 1069.5
 231, 1070.5
 258, 1071.5
 250, 1072.5
 230, 1073.5
 247, 1074.5
 251, 1075.5
 237, 1076.5
 257, 1077.5
 242, 1078.5
 267, 1079.5
 262, 1080.5
 230, 1081.5
 264, 1082.5
 257, 1083.5
 283, 1084.5
 314, 1085.5
 285, 1086.5
 310, 1087.5
 299, 1088.5
 313, 1089.5
 291, 1090.5
 252, 1091.5
 321, 1092.5
 312, 1093.5
 291, 1094.5
 312, 1095.5
 358, 1096.5
 324, 1097.5
 339, 1098.5
 331, 1099.5
 388, 1100.5
 364, 1101.5
 377, 1102.5
 396, 1103.5
 402, 1104.5
 377, 1105.5
 378, 1106.5
 429, 1107.5
 369, 1108.5
 405, 1109.5
 424, 1110.5
 410, 1111.5
 434, 1112.5
 422, 1113.5
 441, 1114.5
 455, 1115.5
 437, 1116.5
 485, 1117.5
 444, 1118.5
 425, 1119.5
 485, 1120.5
 489, 1121.5
 472, 1122.5
 467, 1123.5
 438, 1124.5
 505, 1125.5
 519, 1126.5
 514, 1127.5
 530, 1128.5
 521, 1129.5
 466, 1130.5
 472, 1131.5
 529, 1132.5
 493, 1133.5
 532, 1134.5
 541, 1135.5
 542, 1136.5
 530, 1137.5
 525, 1138.5
 532, 1139.5
 541, 1140.5
 541, 1141.5
 535, 1142.5
 535, 1143.5
 508, 1144.5
 509, 1145.5
 521, 1146.5
 489, 1147.5
 534, 1148.5
 543, 1149.5
 534, 1150.5
 590, 1151.5
 578, 1152.5
 495, 1153.5
 519, 1154.5
 532, 1155.5
 525, 1156.5
 540, 1157.5
 578, 1158.5
 512, 1159.5
 469, 1160.5
 542, 1161.5
 521, 1162.5
 515, 1163.5
 486, 1164.5
 530, 1165.5
 480, 1166.5
 507, 1167.5
 449, 1168.5
 484, 1169.5
 462, 1170.5
 486, 1171.5
 436, 1172.5
 523, 1173.5
 461, 1174.5
 473, 1175.5
 446, 1176.5
 448, 1177.5
 442, 1178.5
 456, 1179.5
 455, 1180.5
 442, 1181.5
 433, 1182.5
 445, 1183.5
 378, 1184.5
 446, 1185.5
 420, 1186.5
 435, 1187.5
 414, 1188.5
 410, 1189.5
 411, 1190.5
 426, 1191.5
 365, 1192.5
 407, 1193.5
 390, 1194.5
 376, 1195.5
 361, 1196.5
 387, 1197.5
 378, 1198.5
 360, 1199.5
 374, 1200.5
 373, 1201.5
 384, 1202.5
 378, 1203.5
 321, 1204.5
 323, 1205.5
 311, 1206.5
 309, 1207.5
 310, 1208.5
 313, 1209.5
 330, 1210.5
 308, 1211.5
 311, 1212.5
 312, 1213.5
 305, 1214.5
 318, 1215.5
 290, 1216.5
 285, 1217.5
 274, 1218.5
 269, 1219.5
 270, 1220.5
 263, 1221.5
 295, 1222.5
 259, 1223.5
 235, 1224.5
 217, 1225.5
 253, 1226.5
 230, 1227.5
 247, 1228.5
 204, 1229.5
 218, 1230.5
 228, 1231.5
 252, 1232.5
 227, 1233.5
 229, 1234.5
 214, 1235.5
 192, 1236.5
 207, 1237.5
 232, 1238.5
 225, 1239.5
 189, 1240.5
 188, 1241.5
 187, 1242.5
 183, 1243.5
 175, 1244.5
 190, 1245.5
 163, 1246.5
 167, 1247.5
 176, 1248.5
 177, 1249.5
 174, 1250.5
 179, 1251.5
 157, 1252.5
 179, 1253.5
 155, 1254.5
 155, 1255.5
 154, 1256.5
 146, 1257.5
 124, 1258.5
 150, 1259.5
 139, 1260.5
 135, 1261.5
 149, 1262.5
 141, 1263.5
 127, 1264.5
 118, 1265.5
 122, 1266.5
 124, 1267.5
 122, 1268.5
 126, 1269.5
 103, 1270.5
 114, 1271.5
 114, 1272.5
 112, 1273.5
 108, 1274.5
 107, 1275.5
 105, 1276.5
 90, 1277.5
 124, 1278.5
 100, 1279.5
 105, 1280.5
 121, 1281.5
 89, 1282.5
 81, 1283.5
 94, 1284.5
 90, 1285.5
 103, 1286.5
 92, 1287.5
 75, 1288.5
 80, 1289.5
 102, 1290.5
 93, 1291.5
 91, 1292.5
 84, 1293.5
 79, 1294.5
 83, 1295.5
 73, 1296.5
 80, 1297.5
 78, 1298.5
 67, 1299.5
 92, 1300.5
 66, 1301.5
 87, 1302.5
 87, 1303.5
 69, 1304.5
 74, 1305.5
 71, 1306.5
 63, 1307.5
 66, 1308.5
 57, 1309.5
 68, 1310.5
 64, 1311.5
 66, 1312.5
 61, 1313.5
 62, 1314.5
 55, 1315.5
 67, 1316.5
 72, 1317.5
 52, 1318.5
 58, 1319.5
 58, 1320.5
 60, 1321.5
 48, 1322.5
 70, 1323.5
 61, 1324.5
 54, 1325.5
 53, 1326.5
 43, 1327.5
 56, 1328.5
 55, 1329.5
 45, 1330.5
 45, 1331.5
 42, 1332.5
 62, 1333.5
 57, 1334.5
 47, 1335.5
 50, 1336.5
 44, 1337.5
 39, 1338.5
 50, 1339.5
 58, 1340.5
 56, 1341.5
 48, 1342.5
 54, 1343.5
 41, 1344.5
 51, 1345.5
 57, 1346.5
 48, 1347.5
 43, 1348.5
 44, 1349.5
 32, 1350.5
 33, 1351.5
 33, 1352.5
 52, 1353.5
 42, 1354.5
 36, 1355.5
 39, 1356.5
 42, 1357.5
 32, 1358.5
 37, 1359.5
 40, 1360.5
 39, 1361.5
 29, 1362.5
 39, 1363.5
 42, 1364.5
 41, 1365.5
 32, 1366.5
 24, 1367.5
 40, 1368.5
 34, 1369.5
 31, 1370.5
 34, 1371.5
 29, 1372.5
 40, 1373.5
 34, 1374.5
 20, 1375.5
 44, 1376.5
 35, 1377.5
 32, 1378.5
 21, 1379.5
 28, 1380.5
 31, 1381.5
 30, 1382.5
 33, 1383.5
 25, 1384.5
 32, 1385.5
 35, 1386.5
 13, 1387.5
 26, 1388.5
 22, 1389.5
 26, 1390.5
 24, 1391.5
 26, 1392.5
 19, 1393.5
 29, 1394.5
 22, 1395.5
 29, 1396.5
 23, 1397.5
 19, 1398.5
 30, 1399.5
 30, 1400.5
 33, 1401.5
 26, 1402.5
 24, 1403.5
 25, 1404.5
 26, 1405.5
 62, 1407.5
 69, 1410.5
 55, 1413.5
 59, 1416.5
 66, 1419.5
 58, 1422.5
 52, 1425.5
 56, 1428.5
 49, 1431.5
 53, 1434.5
 47, 1437.5
 56, 1440.5
 42, 1443.5
 53, 1446.5
 48, 1449.5
 58, 1452.5
 48, 1455.5
 32, 1458.5
 48, 1461.5
 44, 1464.5
 34, 1467.5
 40, 1470.5
 33, 1473.5
 57, 1476.5
 48, 1479.5
 29, 1482.5
 39, 1485.5
 32, 1488.5
 23, 1491.5
 30, 1494.5
 40, 1497.5
 29, 1500.5
 31, 1503.5
 24, 1506.5
 33, 1509.5
 27, 1512.5
 33, 1515.5
 25, 1518.5
 28, 1521.5
 26, 1524.5
 30, 1527.5
 22, 1530.5
 27, 1533.5
 18, 1536.5
 20, 1539.5
 19, 1542.5
 24, 1545.5
 21, 1548.5
 25, 1551.5
 21, 1554.5
 25, 1557.5
 24, 1560.5
 19, 1563.5
 15, 1566.5
 23, 1569.5
 13, 1572.5
 17, 1575.5
 18, 1578.5
 21, 1581.5
 18, 1584.5
 19, 1587.5
 16, 1590.5
 13, 1593.5
 23, 1596.5
 18, 1599.5
 20, 1602.5
 13, 1605.5
 9, 1608.5
 10, 1611.5
 16, 1614.5
 10, 1617.5
 10, 1620.5
 12, 1623.5
 12, 1626.5
 10, 1629.5
 13, 1632.5
 5, 1635.5
 15, 1638.5
 13, 1641.5
 8, 1644.5
 12, 1647.5
 10, 1650.5
 7, 1653.5
 13, 1656.5
 15, 1659.5
 10, 1662.5
 9, 1665.5
 13, 1668.5
 7, 1671.5
 9, 1674.5
 10, 1677.5
 4, 1680.5
 11, 1683.5
 12, 1686.5
 11, 1689.5
 12, 1692.5
 5, 1695.5
 5, 1698.5
 5, 1701.5
 9, 1704.5
 6, 1707.5
 10, 1710.5
 8, 1713.5
 7, 1716.5
 9, 1719.5
 10, 1722.5
 6, 1725.5
 8, 1728.5
 6, 1731.5
 4, 1734.5
 11, 1737.5
 13, 1740.5
 10, 1743.5
 5, 1746.5
 6, 1749.5
 6, 1752.5
 10, 1755.5
 7, 1758.5
 4, 1761.5
 3, 1764.5
 5, 1767.5
 8, 1770.5
 10, 1773.5
 2, 1776.5
 2, 1779.5
 7, 1782.5
 7, 1785.5
 5, 1788.5
 4, 1791.5
 4, 1794.5
 8, 1797.5
 2, 1800.5
 9, 1803.5
 4, 1806.5
 4, 1809.5
 6, 1812.5
 5, 1815.5
 6, 1818.5
 6, 1821.5
 4, 1824.5
 7, 1827.5
 8, 1830.5
 5, 1833.5
 6, 1836.5
 3, 1839.5
 7, 1842.5
 7, 1845.5
 5, 1848.5
 8, 1851.5
 2, 1854.5
 3, 1857.5
 9, 1860.5
 9, 1863.5
 3, 1866.5
 2, 1869.5
 5, 1872.5
 5, 1875.5
 6, 1878.5
 2, 1881.5
 4, 1884.5
 3, 1887.5
 3, 1890.5
 4, 1893.5
 5, 1896.5
 4, 1899.5
 4, 1902.5
 3, 1905.5
 1, 1908.5
 4, 1911.5
 3, 1914.5
 3, 1917.5
 3, 1920.5
 3, 1923.5
 3, 1926.5
 2, 1929.5
 3, 1932.5
 1, 1935.5
 2, 1938.5
 3, 1941.5
 1, 1944.5
 0, 1947.5
 4, 1950.5
 3, 1953.5
 3, 1956.5
 1, 1959.5
 3, 1962.5
 1, 1965.5
 2, 1968.5
 6, 1971.5
 3, 1974.5
 2, 1977.5
 3, 1980.5
 2, 1983.5
 3, 1986.5
 3, 1989.5
 2, 1992.5
 1, 1995.5
 4, 1998.5
 2, 2001.5
 419, 2004.5
============================================
#PMT 3
 24, 926.5
 60, 927.5
 135, 928.5
 228, 929.5
 365, 930.5
 534, 931.5
 782, 932.5
 1006, 933.5
 1169, 934.5
 1384, 935.5
 1678, 936.5
 1775, 937.5
 1898, 938.5
 2010, 939.5
 2112, 940.5
 2130, 941.5
 2120, 942.5
 2223, 943.5
 2162, 944.5
 2087, 945.5
 2075, 946.5
 2055, 947.5
 1932, 948.5
 1864, 949.5
 1842, 950.5
 1717, 951.5
 1630, 952.5
 1618, 953.5
 1556, 954.5
 1447, 955.5
 1399, 956.5
 1333, 957.5
 1357, 958.5
 1275, 959.5
 1195, 960.5
 1122, 961.5
 1113, 962.5
 1060, 963.5
 986, 964.5
 1028, 965.5
 933, 966.5
 866, 967.5
 879, 968.5
 814, 969.5
 855, 970.5
 757, 971.5
 720, 972.5
 741, 973.5
 688, 974.5
 739, 975.5
 709, 976.5
 655, 977.5
 639, 978.5
 610, 979.5
 633, 980.5
 549, 981.5
 549, 982.5
 525, 983.5
 526, 984.5
 492, 985.5
 460, 986.5
 472, 987.5
 485, 988.5
 474, 989.5
 415, 990.5
 434, 991.5
 434, 992.5
 401, 993.5
 411, 994.5
 420, 995.5
 400, 996.5
 354, 997.5
 340, 998.5
 342, 999.5
 363, 1000.5
 312, 1001.5
 342, 1002.5
 360, 1003.5
 296, 1004.5
 310, 1005.5
 296, 1006.5
 302, 1007.5
 293, 1008.5
 313, 1009.5
 294, 1010.5
 285, 1011.5
 282, 1012.5
 260, 1013.5
 258, 1014.5
 247, 1015.5
 236, 1016.5
 219, 1017.5
 245, 1018.5
 218, 1019.5
 231, 1020.5
 229, 1021.5
 235, 1022.5
 236, 1023.5
 209, 1024.5
 214, 1025.5
 204, 1026.5
 207, 1027.5
 224, 1028.5
 198, 1029.5
 195, 1030.5
 166, 1031.5
 188, 1032.5
 181, 1033.5
 180, 1034.5
 189, 1035.5
 190, 1036.5
 189, 1037.5
 175, 1038.5
 175, 1039.5
 169, 1040.5
 181, 1041.5
 148, 1042.5
 164, 1043.5
 167, 1044.5
 171, 1045.5
 180, 1046.5
 166, 1047.5
 142, 1048.5
 152, 1049.5
 160, 1050.5
 151, 1051.5
 164, 1052.5
 155, 1053.5
 168, 1054.5
 150, 1055.5
 168, 1056.5
 143, 1057.5
 137, 1058.5
 131, 1059.5
 122, 1060.5
 134, 1061.5
 114, 1062.5
 123, 1063.5
 119, 1064.5
 122, 1065.5
 112, 1066.5
 135, 1067.5
 141, 1068.5
 120, 1069.5
 145, 1070.5
 123, 1071.5
 111, 1072.5
 119, 1073.5
 125, 1074.5
 120, 1075.5
 104, 1076.5
 125, 1077.5
 96, 1078.5
 116, 1079.5
 105, 1080.5
 106, 1081.5
 101, 1082.5
 103, 1083.5
 107, 1084.5
 105, 1085.5
 89, 1086.5
 90, 1087.5
 107, 1088.5
 104, 1089.5
 74, 1090.5
 84, 1091.5
 97, 1092.5
 92, 1093.5
 87, 1094.5
 73, 1095.5
 79, 1096.5
 95, 1097.5
 87, 1098.5
 71, 1099.5
 91, 1100.5
 74, 1101.5
 83, 1102.5
 74, 1103.5
 67, 1104.5
 96, 1105.5
 75, 1106.5
 81, 1107.5
 85, 1108.5
 78, 1109.5
 55, 1110.5
 58, 1111.5
 65, 1112.5
 72, 1113.5
 73, 1114.5
 76, 1115.5
 72, 1116.5
 55, 1117.5
 69, 1118.5
 61, 1119.5
 55, 1120.5
 63, 1121.5
 61, 1122.5
 60, 1123.5
 63, 1124.5
 63, 1125.5
 59, 1126.5
 59, 1127.5
 54, 1128.5
 44, 1129.5
 53, 1130.5
 44, 1131.5
 57, 1132.5
 61, 1133.5
 59, 1134.5
 58, 1135.5
 59, 1136.5
 49, 1137.5
 48, 1138.5
 53, 1139.5
 47, 1140.5
 51, 1141.5
 46, 1142.5
 58, 1143.5
 52, 1144.5
 62, 1145.5
 49, 1146.5
 63, 1147.5
 54, 1148.5
 38, 1149.5
 45, 1150.5
 43, 1151.5
 36, 1152.5
 50, 1153.5
 46, 1154.5
 36, 1155.5
 35, 1156.5
 53, 1157.5
 40, 1158.5
 36, 1159.5
 41, 1160.5
 46, 1161.5
 39, 1162.5
 41, 1163.5
 45, 1164.5
 31, 1165.5
 37, 1166.5
 40, 1167.5
 35, 1168.5
 30, 1169.5
 39, 1170.5
 44, 1171.5
 37, 1172.5
 27, 1173.5
 33, 1174.5
 37, 1175.5
 28, 1176.5
 33, 1177.5
 37, 1178.5
 33, 1179.5
 32, 1180.5
 28, 1181.5
 35, 1182.5
 30, 1183.5
 24, 1184.5
 39, 1185.5
 31, 1186.5
 28, 1187.5
 24, 1188.5
 28, 1189.5
 24, 1190.5
 29, 1191.5
 32, 1192.5
 28, 1193.5
 26, 1194.5
 25, 1195.5
 25, 1196.5
 23, 1197.5
 25, 1198.5
 29, 1199.5
 30, 1200.5
 28, 1201.5
 20, 1202.5
 29, 1203.5
 24, 1204.5
 13, 1205.5
 22, 1206.5
 31, 1207.5
 19, 1208.5
 21, 1209.5
 21, 1210.5
 19, 1211.5
 17, 1212.5
 24, 1213.5
 19, 1214.5
 23, 1215.5
 25, 1216.5
 26, 1217.5
 27, 1218.5
 15, 1219.5
 22, 1220.5
 18, 1221.5
 20, 1222.5
 11, 1223.5
 18, 1224.5
 18, 1225.5
 21, 1226.5
 15, 1227.5
 14, 1228.5
 18, 1229.5
 24, 1230.5
 22, 1231.5
 17, 1232.5
 15, 1233.5
 11, 1234.5
 17, 1235.5
 10, 1236.5
 11, 1237.5
 11, 1238.5
 16, 1239.5
 15, 1240.5
 15, 1241.5
 9, 1242.5
 17, 1243.5
 14, 1244.5
 16, 1245.5
 18, 1246.5
 15, 1247.5
 17, 1248.5
 15, 1249.5
 9, 1250.5
 16, 1251.5
 16, 1252.5
 15, 1253.5
 9, 1254.5
 16, 1255.5
 13, 1256.5
 13, 1257.5
 11, 1258.5
 10, 1259.5
 16, 1260.5
 17, 1261.5
 11, 1262.5
 18, 1263.5
 13, 1264.5
 14, 1265.5
 10, 1266.5
 11, 1267.5
 15, 1268.5
 8, 1269.5
 8, 1270.5
 13, 1271.5
 8, 1272.5
 11, 1273.5
 13, 1274.5
 14, 1275.5
 8, 1276.5
 8, 1277.5
 11, 1278.5
 9, 1279.5
 8, 1280.5
 7, 1281.5
 13, 1282.5
 10, 1283.5
 9, 1284.5
 7, 1285.5
 12, 1286.5
 3, 1287.5
 13, 1288.5
 9, 1289.5
 13, 1290.5
 11, 1291.5
 9, 1292.5
 9, 1293.5
 11, 1294.5
 10, 1295.5
 7, 1296.5
 6, 1297.5
 19, 1298.5
 8, 1299.5
 11, 1300.5
 4, 1301.5
 5, 1302.5
 9, 1303.5
 7, 1304.5
 4, 1305.5
 5, 1306.5
 7, 1307.5
 10, 1308.5
 11, 1309.5
 4, 1310.5
 6, 1311.5
 6, 1312.5
 9, 1313.5
 2, 1314.5
 5, 1315.5
 7, 1316.5
 13, 1317.5
 4, 1318.5
 10, 1319.5
 8, 1320.5
 6, 1321.5
 9, 1322.5
 8, 1323.5
 8, 1324.5
 8, 1325.5
 18, 1327.5
 17, 1330.5
 22, 1333.5
 16, 1336.5
 28, 1339.5
 17, 1342.5
 28, 1345.5
 12, 1348.5
 14, 1351.5
 20, 1354.5
 17, 1357.5
 8, 1360.5
 15, 1363.5
 9, 1366.5
 13, 1369.5
 11, 1372.5
 17, 1375.5
 11, 1378.5
 5, 1381.5
 20, 1384.5
 10, 1387.5
 12, 1390.5
 8, 1393.5
 8, 1396.5
 12, 1399.5
 16, 1402.5
 12, 1405.5
 8, 1408.5
 9, 1411.5
 9, 1414.5
 9, 1417.5
 6, 1420.5
 11, 1423.5
 17, 1426.5
 9, 1429.5
 10, 1432.5
 12, 1435.5
 11, 1438.5
 10, 1441.5
 6, 1444.5
 11, 1447.5
 8, 1450.5
 11, 1453.5
 6, 1456.5
 10, 1459.5
 8, 1462.5
 8, 1465.5
 9, 1468.5
 5, 1471.5
 7, 1474.5
 7, 1477.5
 8, 1480.5
 12, 1483.5
 6, 1486.5
 5, 1489.5
 4, 1492.5
 6, 1495.5
 8, 1498.5
 8, 1501.5
 4, 1504.5
 5, 1507.5
 6, 1510.5
 3, 1513.5
 4, 1516.5
 6, 1519.5
 6, 1522.5
 4, 1525.5
 6, 1528.5
 2, 1531.5
 4, 1534.5
 6, 1537.5
 6, 1540.5
 6, 1543.5
 2, 1546.5
 5, 1549.5
 5, 1552.5
 0, 1555.5
 4, 1558.5
 0, 1561.5
 3, 1564.5
 10, 1567.5
 4, 1570.5
 4, 1573.5
 8, 1576.5
 5, 1579.5
 4, 1582.5
 5, 1585.5
 2, 1588.5
 0, 1591.5
 2, 1594.5
 3, 1597.5
 0, 1600.5
 2, 1603.5
 4, 1606.5
 1, 1609.5
 2, 1612.5
 1, 1615.5
 1, 1618.5
 4, 1621.5
 2, 1624.5
 3, 1627.5
 5, 1630.5
 4, 1633.5
 2, 1636.5
 3, 1639.5
 4, 1642.5
 5, 1645.5
 5, 1648.5
 4, 1651.5
 4, 1654.5
 3, 1657.5
 2, 1660.5
 2, 1663.5
 4, 1666.5
 2, 1669.5
 1, 1672.5
 3, 1675.5
 3, 1678.5
 3, 1681.5
 2, 1684.5
 5, 1687.5
 1, 1690.5
 1, 1693.5
 2, 1696.5
 0, 1699.5
 3, 1702.5
 1, 1705.5
 1, 1708.5
 4, 1711.5
 0, 1714.5
 1, 1717.5
 1, 1720.5
 1, 1723.5
 1, 1726.5
 1, 1729.5
 1, 1732.5
 3, 1735.5
 0, 1738.5
 3, 1741.5
 2, 1744.5
 0, 1747.5
 2, 1750.5
 2, 1753.5
 0, 1756.5
 3, 1759.5
 1, 1762.5
 2, 1765.5
 0, 1768.5
 1, 1771.5
 1, 1774.5
 0, 1777.5
 3, 1780.5
 1, 1783.5
 0, 1786.5
 1, 1789.5
 1, 1792.5
 1, 1795.5
 1, 1798.5
 0, 1801.5
 1, 1804.5
 1, 1807.5
 0, 1810.5
 2, 1813.5
 2, 1816.5
 1, 1819.5
 1, 1822.5
 1, 1825.5
 2, 1828.5
 1, 1831.5
 0, 1834.5
 2, 1837.5
 0, 1840.5
 1, 1843.5
 1, 1846.5
 2, 1849.5
 1, 1852.5
 1, 1855.5
 1, 1858.5
 0, 1861.5
 0, 1864.5
 2, 1867.5
 3, 1870.5
 1, 1873.5
 1, 1876.5
 1, 1879.5
 0, 1882.5
 1, 1885.5
 1, 1888.5
 1, 1891.5
 1, 1894.5
 1, 1897.5
 1, 1900.5
 1, 1903.5
 0, 1906.5
 2, 1909.5
 0, 1912.5
 0, 1915.5
 0, 1918.5
 0, 1921.5
 75, 1924.5
============================================
#PMT 4
 0, 2899.5
 0, 2902.5
 1, 2905.5
 0, 2908.5
 6, 2911.5
 7, 2914.5
 23, 2917.5
 28, 2920.5
 44, 2923.5
 62, 2926.5
 58, 2929.5
 94, 2932.5
 129, 2935.5
 137, 2938.5
 163, 2941.5
 183, 2944.5
 225, 2947.5
 226, 2950.5
 235, 2953.5
 294, 2956.5
 313, 2959.5
 303, 2962.5
 322, 2965.5
 329, 2968.5
 370, 2971.5
 322, 2974.5
 368, 2977.5
 350, 2980.5
 400, 2983.5
 373, 2986.5
 381, 2989.5
 377, 2992.5
 366, 2995.5
 362, 2998.5
 391, 3001.5
 413, 3004.5
 394, 3007.5
 369, 3010.5
 408, 3013.5
 408, 3016.5
 455, 3019.5
 441, 3022.5
 462, 3025.5
 441, 3028.5
 450, 3031.5
 488, 3034.5
 492, 3037.5
 527, 3040.5
 564, 3043.5
 534, 3046.5
 551, 3049.5
 599, 3052.5
 598, 3055.5
 659, 3058.5
 676, 3061.5
 678, 3064.5
 701, 3067.5
 761, 3070.5
 783, 3073.5
 818, 3076.5
 806, 3079.5
 822, 3082.5
 895, 3085.5
 885, 3088.5
 966, 3091.5
 925, 3094.5
 969, 3097.5
 1008, 3100.5
 1059, 3103.5
 999, 3106.5
 1056, 3109.5
 1056, 3112.5
 1073, 3115.5
 1079, 3118.5
 1159, 3121.5
 1180, 3124.5
 1132, 3127.5
 1226, 3130.5
 1137, 3133.5
 1159, 3136.5
 1172, 3139.5
 1158, 3142.5
 1189, 3145.5
 1219, 3148.5
 1177, 3151.5
 1168, 3154.5
 1099, 3157.5
 1135, 3160.5
 1124, 3163.5
 1079, 3166.5
 1062, 3169.5
 1117, 3172.5
 1017, 3175.5
 1113, 3178.5
 1058, 3181.5
 988, 3184.5
 971, 3187.5
 950, 3190.5
 1004, 3193.5
 900, 3196.5
 925, 3199.5
 882, 3202.5
 915, 3205.5
 816, 3208.5
 789, 3211.5
 825, 3214.5
 795, 3217.5
 757, 3220.5
 706, 3223.5
 683, 3226.5
 734, 3229.5
 671, 3232.5
 617, 3235.5
 687, 3238.5
 646, 3241.5
 605, 3244.5
 544, 3247.5
 548, 3250.5
 609, 3253.5
 541, 3256.5
 557, 3259.5
 465, 3262.5
 461, 3265.5
 516, 3268.5
 473, 3271.5
 511, 3274.5
 466, 3277.5
 434, 3280.5
 445, 3283.5
 430, 3286.5
 405, 3289.5
 381, 3292.5
 390, 3295.5
 375, 3298.5
 385, 3301.5
 345, 3304.5
 361, 3307.5
 336, 3310.5
 310, 3313.5
 334, 3316.5
 298, 3319.5
 318, 3322.5
 269, 3325.5
 273, 3328.5
 258, 3331.5
 262, 3334.5
 274, 3337.5
 230, 3340.5
 270, 3343.5
 241, 3346.5
 218, 3349.5
 221, 3352.5
 232, 3355.5
 222, 3358.5
 206, 3361.5
 196, 3364.5
 179, 3367.5
 180, 3370.5
 187, 3373.5
 184, 3376.5
 179, 3379.5
 152, 3382.5
 192, 3385.5
 173, 3388.5
 162, 3391.5
 157, 3394.5
 128, 3397.5
 153, 3400.5
 146, 3403.5
 142, 3406.5
 134, 3409.5
 121, 3412.5
 141, 3415.5
 133, 3418.5
 137, 3421.5
 108, 3424.5
 110, 3427.5
 108, 3430.5
 130, 3433.5
 106, 3436.5
 98, 3439.5
 98, 3442.5
 105, 3445.5
 90, 3448.5
 101, 3451.5
 105, 3454.5
 108, 3457.5
 95, 3460.5
 103, 3463.5
 78, 3466.5
 101, 3469.5
 83, 3472.5
 78, 3475.5
 87, 3478.5
 81, 3481.5
 75, 3484.5
 78, 3487.5
 77, 3490.5
 65, 3493.5
 74, 3496.5
 71, 3499.5
 76, 3502.5
 69, 3505.5
 74, 3508.5
 69, 3511.5
 61, 3514.5
 71, 3517.5
 63, 3520.5
 58, 3523.5
 50, 3526.5
 62, 3529.5
 54, 3532.5
 59, 3535.5
 53, 3538.5
 55, 3541.5
 52, 3544.5
 58, 3547.5
 57, 3550.5
 63, 3553.5
 39, 3556.5
 45, 3559.5
 44, 3562.5
 46, 3565.5
 39, 3568.5
 39, 3571.5
 54, 3574.5
 44, 3577.5
 50, 3580.5
 39, 3583.5
 39, 3586.5
 52, 3589.5
 31, 3592.5
 46, 3595.5
 49, 3598.5
 42, 3601.5
 47, 3604.5
 35, 3607.5
 41, 3610.5
 36, 3613.5
 37, 3616.5
 39, 3619.5
 35, 3622.5
 14, 3625.5
 29, 3628.5
 27, 3631.5
 28, 3634.5
 30, 3637.5
 27, 3640.5
 18, 3643.5
 32, 3646.5
 24, 3649.5
 19, 3652.5
 30, 3655.5
 22, 3658.5
 30, 3661.5
 16, 3664.5
 29, 3667.5
 25, 3670.5
 24, 3673.5
 28, 3676.5
 30, 3679.5
 17, 3682.5
 31, 3685.5
 24, 3688.5
 14, 3691.5
 26, 3694.5
 20, 3697.5
 21, 3700.5
 18, 3703.5
 22, 3706.5
 27, 3709.5
 14, 3712.5
 18, 3715.5
 16, 3718.5
 13, 3721.5
 29, 3724.5
 20, 3727.5
 18, 3730.5
 23, 3733.5
 14, 3736.5
 20, 3739.5
 14, 3742.5
 21, 3745.5
 27, 3748.5
 18, 3751.5
 24, 3754.5
 22, 3757.5
 16, 3760.5
 17, 3763.5
 17, 3766.5
 12, 3769.5
 16, 3772.5
 15, 3775.5
 9, 3778.5
 15, 3781.5
 14, 3784.5
 13, 3787.5
 10, 3790.5
 15, 3793.5
 12, 3796.5
 13, 3799.5
 15, 3802.5
 9, 3805.5
 13, 3808.5
 8, 3811.5
 10, 3814.5
 7, 3817.5
 11, 3820.5
 13, 3823.5
 8, 3826.5
 12, 3829.5
 15, 3832.5
 5, 3835.5
 18, 3838.5
 9, 3841.5
 15, 3844.5
 10, 3847.5
 13, 3850.5
 5, 3853.5
 9, 3856.5
 12, 3859.5
 16, 3862.5
 9, 3865.5
 6, 3868.5
 11, 3871.5
 7, 3874.5
 13, 3877.5
 9, 3880.5
 6, 3883.5
 6, 3886.5
 6, 3889.5
 8, 3892.5
 16, 3895.5
 5, 3898.5
 8, 3901.5
 9, 3904.5
 8, 3907.5
 11, 3910.5
 4, 3913.5
 10, 3916.5
 4, 3919.5
 10, 3922.5
 11, 3925.5
 7, 3928.5
 6, 3931.5
 10, 3934.5
 5, 3937.5
 3, 3940.5
 10, 3943.5
 5, 3946.5
 10, 3949.5
 7, 3952.5
 6, 3955.5
 2, 3958.5
 10, 3961.5
 12, 3964.5
 6, 3967.5
 7, 3970.5
 6, 3973.5
 7, 3976.5
 9, 3979.5
 5, 3982.5
 4, 3985.5
 3, 3988.5
 4, 3991.5
 1, 3994.5
 2, 3997.5
 10, 4000.5
 5, 4003.5
 8, 4006.5
 6, 4009.5
 9, 4012.5
 3, 4015.5
 4, 4018.5
 5, 4021.5
 5, 4024.5
 8, 4027.5
 6, 4030.5
 4, 4033.5
 2, 4036.5
 8, 4039.5
 8, 4042.5
 6, 4045.5
 10, 4048.5
 3, 4051.5
 5, 4054.5
 7, 4057.5
 6, 4060.5
 9, 4063.5
 3, 4066.5
 6, 4069.5
 7, 4072.5
 5, 4075.5
 4, 4078.5
 5, 4081.5
 6, 4084.5
 2, 4087.5
 7, 4090.5
 6, 4093.5
 7, 4096.5
 19, 4102.5
 7, 4111.5
 12, 4120.5
 11, 4129.5
 10, 4138.5
 9, 4147.5
 6, 4156.5
 7, 4165.5
 11, 4174.5
 7, 4183.5
 6, 4192.5
 7, 4201.5
 11, 4210.5
 11, 4219.5
 5, 4228.5
 6, 4237.5
 10, 4246.5
 8, 4255.5
 12, 4264.5
 4, 4273.5
 5, 4282.5
 5, 4291.5
 10, 4300.5
 8, 4309.5
 8, 4318.5
 10, 4327.5
 4, 4336.5
 4, 4345.5
 5, 4354.5
 6, 4363.5
 7, 4372.5
 13, 4381.5
 4, 4390.5
 2, 4399.5
 5, 4408.5
 4, 4417.5
 7, 4426.5
 8, 4435.5
 5, 4444.5
 7, 4453.5
 5, 4462.5
 2, 4471.5
 3, 4480.5
 5, 4489.5
 6, 4498.5
 4, 4507.5
 5, 4516.5
 3, 4525.5
 4, 4534.5
 5, 4543.5
 3, 4552.5
 5, 4561.5
 6, 4570.5
 3, 4579.5
 2, 4588.5
 2, 4597.5
 3, 4606.5
 0, 4615.5
 3, 4624.5
 2, 4633.5
 6, 4642.5
 3, 4651.5
 4, 4660.5
 6, 4669.5
 2, 4678.5
 3, 4687.5
 4, 4696.5
 3, 4705.5
 1, 4714.5
 3, 4723.5
 1, 4732.5
 1, 4741.5
 3, 4750.5
 2, 4759.5
 4, 4768.5
 1, 4777.5
 1, 4786.5
 3, 4795.5
 3, 4804.5
 3, 4813.5
 2, 4822.5
 3, 4831.5
 2, 4840.5
 1, 4849.5
 1, 4858.5
 1, 4867.5
 2, 4876.5
 4, 4885.5
 5, 4894.5
 3, 4903.5
 2, 4912.5
 2, 4921.5
 1, 4930.5
 2, 4939.5
 2, 4948.5
 3, 4957.5
 1, 4966.5
 2, 4975.5
 2, 4984.5
 3, 4993.5
 1, 5002.5
 0, 5011.5
 3, 5020.5
 1, 5029.5
 2, 5038.5
 3, 5047.5
 0, 5056.5
 2, 5065.5
 1, 5074.5
 2, 5083.5
 1, 5092.5
 1, 5101.5
 0, 5110.5
 1, 5119.5
 1, 5128.5
 0, 5137.5
 1, 5146.5
 0, 5155.5
 2, 5164.5
 2, 5173.5
 0, 5182.5
 4, 5191.5
 2, 5200.5
 3, 5209.5
 1, 5218.5
 1, 5227.5
 2, 5236.5
 1, 5245.5
 1, 5254.5
 1, 5263.5
 2, 5272.5
 1, 5281.5
 0, 5290.5
 1, 5299.5
 3, 5308.5
 1, 5317.5
 1, 5326.5
 2, 5335.5
 2, 5344.5
 1, 5353.5
 2, 5362.5
 1, 5371.5
 1, 5380.5
 1, 5389.5
 1, 5398.5
 2, 5407.5
 1, 5416.5
 0, 5425.5
 0, 5434.5
 1, 5443.5
 3, 5452.5
 0, 5461.5
 1, 5470.5
 0, 5479.5
 0, 5488.5
 0, 5497.5
 1, 5506.5
 1, 5515.5
 1, 5524.5
 0, 5533.5
 0, 5542.5
 0, 5551.5
 0, 5560.5
 0, 5569.5
 1, 5578.5
 1, 5587.5
 1, 5596.5
 1, 5605.5
 2, 5614.5
 2, 5623.5
 1, 5632.5
 0, 5641.5
 1, 5650.5
 0, 5659.5
 0, 5668.5
 2, 5677.5
 0, 5686.5
 1, 5695.5
 0, 5704.5
 2, 5713.5
 0, 5722.5
 1, 5731.5
 1, 5740.5
 0, 5749.5
 0, 5758.5
 0, 5767.5
 0, 5776.5
 0, 5785.5
 1, 5794.5
 0, 5803.5
 1, 5812.5
 0, 5821.5
 0, 5830.5
 0, 5839.5
 0, 5848.5
 3, 5857.5
 1, 5866.5
 0, 5875.5
 1, 5884.5
 0, 5893.5
============================================
