 248 -17250.0 -29878.0
 250 -15750.0 -29878.0
 252 -14250.0 -29878.0
 254 -12750.0 -29878.0
 256 -11250.0 -29878.0
 258  -9750.0 -29878.0
 260  -8250.0 -29878.0
 262  -6750.0 -29878.0
 264  -5250.0 -29878.0
 266  -3750.0 -29878.0
 268  -2250.0 -29878.0
 270   -750.0 -29878.0
 272    750.0 -29878.0
 274   2250.0 -29878.0
 276   3750.0 -29878.0
 278   5250.0 -29878.0
 280   6750.0 -29878.0
 282   8250.0 -29878.0
 284   9750.0 -29878.0
 286  11250.0 -29878.0
 288  12750.0 -29878.0
 290  14250.0 -29878.0
 292  15750.0 -29878.0
 294  17250.0 -29878.0
 446 -18000.0 -28579.0
 448 -16500.0 -28579.0
 450 -15000.0 -28579.0
 452 -13500.0 -28579.0
 454 -12000.0 -28579.0
 456 -10500.0 -28579.0
 458  -9000.0 -28579.0
 460  -7500.0 -28579.0
 462  -6000.0 -28579.0
 464  -4500.0 -28579.0
 466  -3000.0 -28579.0
 468  -1500.0 -28579.0
 470      0.0 -28579.0
 472   1500.0 -28579.0
 474   3000.0 -28579.0
 476   4500.0 -28579.0
 478   6000.0 -28579.0
 480   7500.0 -28579.0
 482   9000.0 -28579.0
 484  10500.0 -28579.0
 486  12000.0 -28579.0
 488  13500.0 -28579.0
 490  15000.0 -28579.0
 492  16500.0 -28579.0
 494  18000.0 -28579.0
 644 -18750.0 -27280.0
 646 -17250.0 -27280.0
 648 -15750.0 -27280.0
 650 -14250.0 -27280.0
 652 -12750.0 -27280.0
 654 -11250.0 -27280.0
 656  -9750.0 -27280.0
 658  -8250.0 -27280.0
 660  -6750.0 -27280.0
 662  -5250.0 -27280.0
 664  -3750.0 -27280.0
 666  -2250.0 -27280.0
 668   -750.0 -27280.0
 670    750.0 -27280.0
 672   2250.0 -27280.0
 674   3750.0 -27280.0
 676   5250.0 -27280.0
 678   6750.0 -27280.0
 680   8250.0 -27280.0
 682   9750.0 -27280.0
 684  11250.0 -27280.0
 686  12750.0 -27280.0
 688  14250.0 -27280.0
 690  15750.0 -27280.0
 692  17250.0 -27280.0
 694  18750.0 -27280.0
 842 -19500.0 -25981.0
 844 -18000.0 -25981.0
 846 -16500.0 -25981.0
 848 -15000.0 -25981.0
 850 -13500.0 -25981.0
 852 -12000.0 -25981.0
 854 -10500.0 -25981.0
 856  -9000.0 -25981.0
 858  -7500.0 -25981.0
 860  -6000.0 -25981.0
 862  -4500.0 -25981.0
 864  -3000.0 -25981.0
 866  -1500.0 -25981.0
 868      0.0 -25981.0
 870   1500.0 -25981.0
 872   3000.0 -25981.0
 874   4500.0 -25981.0
 876   6000.0 -25981.0
 878   7500.0 -25981.0
 880   9000.0 -25981.0
 882  10500.0 -25981.0
 884  12000.0 -25981.0
 886  13500.0 -25981.0
 888  15000.0 -25981.0
 890  16500.0 -25981.0
 892  18000.0 -25981.0
 894  19500.0 -25981.0
1040 -20250.0 -24682.0
1042 -18750.0 -24682.0
1044 -17250.0 -24682.0
1046 -15750.0 -24682.0
1048 -14250.0 -24682.0
1050 -12750.0 -24682.0
1052 -11250.0 -24682.0
1054  -9750.0 -24682.0
1056  -8250.0 -24682.0
1058  -6750.0 -24682.0
1060  -5250.0 -24682.0
1062  -3750.0 -24682.0
1064  -2250.0 -24682.0
1066   -750.0 -24682.0
1068    750.0 -24682.0
1070   2250.0 -24682.0
1072   3750.0 -24682.0
1074   5250.0 -24682.0
1076   6750.0 -24682.0
1078   8250.0 -24682.0
1080   9750.0 -24682.0
1082  11250.0 -24682.0
1084  12750.0 -24682.0
1086  14250.0 -24682.0
1088  15750.0 -24682.0
1090  17250.0 -24682.0
1092  18750.0 -24682.0
1094  20250.0 -24682.0
1238 -21000.0 -23383.0
1240 -19500.0 -23383.0
1242 -18000.0 -23383.0
1244 -16500.0 -23383.0
1246 -15000.0 -23383.0
1248 -13500.0 -23383.0
1250 -12000.0 -23383.0
1252 -10500.0 -23383.0
1254  -9000.0 -23383.0
1256  -7500.0 -23383.0
1258  -6000.0 -23383.0
1260  -4500.0 -23383.0
1262  -3000.0 -23383.0
1264  -1500.0 -23383.0
1266      0.0 -23383.0
1268   1500.0 -23383.0
1270   3000.0 -23383.0
1272   4500.0 -23383.0
1274   6000.0 -23383.0
1276   7500.0 -23383.0
1278   9000.0 -23383.0
1280  10500.0 -23383.0
1282  12000.0 -23383.0
1284  13500.0 -23383.0
1286  15000.0 -23383.0
1288  16500.0 -23383.0
1290  18000.0 -23383.0
1292  19500.0 -23383.0
1294  21000.0 -23383.0
1436 -21750.0 -22084.0
1438 -20250.0 -22084.0
1440 -18750.0 -22084.0
1442 -17250.0 -22084.0
1444 -15750.0 -22084.0
1446 -14250.0 -22084.0
1448 -12750.0 -22084.0
1450 -11250.0 -22084.0
1452  -9750.0 -22084.0
1454  -8250.0 -22084.0
1456  -6750.0 -22084.0
1458  -5250.0 -22084.0
1460  -3750.0 -22084.0
1462  -2250.0 -22084.0
1464   -750.0 -22084.0
1466    750.0 -22084.0
1468   2250.0 -22084.0
1470   3750.0 -22084.0
1472   5250.0 -22084.0
1474   6750.0 -22084.0
1476   8250.0 -22084.0
1478   9750.0 -22084.0
1480  11250.0 -22084.0
1482  12750.0 -22084.0
1484  14250.0 -22084.0
1486  15750.0 -22084.0
1488  17250.0 -22084.0
1490  18750.0 -22084.0
1492  20250.0 -22084.0
1494  21750.0 -22084.0
1634 -22500.0 -20785.0
1636 -21000.0 -20785.0
1638 -19500.0 -20785.0
1640 -18000.0 -20785.0
1642 -16500.0 -20785.0
1644 -15000.0 -20785.0
1646 -13500.0 -20785.0
1648 -12000.0 -20785.0
1650 -10500.0 -20785.0
1652  -9000.0 -20785.0
1654  -7500.0 -20785.0
1656  -6000.0 -20785.0
1658  -4500.0 -20785.0
1660  -3000.0 -20785.0
1662  -1500.0 -20785.0
1664      0.0 -20785.0
1666   1500.0 -20785.0
1668   3000.0 -20785.0
1670   4500.0 -20785.0
1672   6000.0 -20785.0
1674   7500.0 -20785.0
1676   9000.0 -20785.0
1678  10500.0 -20785.0
1680  12000.0 -20785.0
1682  13500.0 -20785.0
1684  15000.0 -20785.0
1686  16500.0 -20785.0
1688  18000.0 -20785.0
1690  19500.0 -20785.0
1692  21000.0 -20785.0
1694  22500.0 -20785.0
1832 -23250.0 -19486.0
1834 -21750.0 -19486.0
1836 -20250.0 -19486.0
1838 -18750.0 -19486.0
1840 -17250.0 -19486.0
1842 -15750.0 -19486.0
1844 -14250.0 -19486.0
1846 -12750.0 -19486.0
1848 -11250.0 -19486.0
1850  -9750.0 -19486.0
1852  -8250.0 -19486.0
1854  -6750.0 -19486.0
1856  -5250.0 -19486.0
1858  -3750.0 -19486.0
1860  -2250.0 -19486.0
1862   -750.0 -19486.0
1864    750.0 -19486.0
1866   2250.0 -19486.0
1868   3750.0 -19486.0
1870   5250.0 -19486.0
1872   6750.0 -19486.0
1874   8250.0 -19486.0
1876   9750.0 -19486.0
1878  11250.0 -19486.0
1880  12750.0 -19486.0
1882  14250.0 -19486.0
1884  15750.0 -19486.0
1886  17250.0 -19486.0
1888  18750.0 -19486.0
1890  20250.0 -19486.0
1892  21750.0 -19486.0
1894  23250.0 -19486.0
2030 -24000.0 -18187.0
2032 -22500.0 -18187.0
2034 -21000.0 -18187.0
2036 -19500.0 -18187.0
2038 -18000.0 -18187.0
2040 -16500.0 -18187.0
2042 -15000.0 -18187.0
2044 -13500.0 -18187.0
2046 -12000.0 -18187.0
2048 -10500.0 -18187.0
2050  -9000.0 -18187.0
2052  -7500.0 -18187.0
2054  -6000.0 -18187.0
2056  -4500.0 -18187.0
2058  -3000.0 -18187.0
2060  -1500.0 -18187.0
2062      0.0 -18187.0
2064   1500.0 -18187.0
2066   3000.0 -18187.0
2068   4500.0 -18187.0
2070   6000.0 -18187.0
2072   7500.0 -18187.0
2074   9000.0 -18187.0
2076  10500.0 -18187.0
2078  12000.0 -18187.0
2080  13500.0 -18187.0
2082  15000.0 -18187.0
2084  16500.0 -18187.0
2086  18000.0 -18187.0
2088  19500.0 -18187.0
2090  21000.0 -18187.0
2092  22500.0 -18187.0
2094  24000.0 -18187.0
2228 -24750.0 -16887.0
2230 -23250.0 -16887.0
2232 -21750.0 -16887.0
2234 -20250.0 -16887.0
2236 -18750.0 -16887.0
2238 -17250.0 -16887.0
2240 -15750.0 -16887.0
2242 -14250.0 -16887.0
2244 -12750.0 -16887.0
2246 -11250.0 -16887.0
2248  -9750.0 -16887.0
2250  -8250.0 -16887.0
2252  -6750.0 -16887.0
2254  -5250.0 -16887.0
2256  -3750.0 -16887.0
2258  -2250.0 -16887.0
2260   -750.0 -16887.0
2262    750.0 -16887.0
2264   2250.0 -16887.0
2266   3750.0 -16887.0
2268   5250.0 -16887.0
2270   6750.0 -16887.0
2272   8250.0 -16887.0
2274   9750.0 -16887.0
2276  11250.0 -16887.0
2278  12750.0 -16887.0
2280  14250.0 -16887.0
2282  15750.0 -16887.0
2284  17250.0 -16887.0
2286  18750.0 -16887.0
2288  20250.0 -16887.0
2290  21750.0 -16887.0
2292  23250.0 -16887.0
2294  24750.0 -16887.0
2426 -25500.0 -15588.0
2428 -24000.0 -15588.0
2430 -22500.0 -15588.0
2432 -21000.0 -15588.0
2434 -19500.0 -15588.0
2436 -18000.0 -15588.0
2438 -16500.0 -15588.0
2440 -15000.0 -15588.0
2442 -13500.0 -15588.0
2444 -12000.0 -15588.0
2446 -10500.0 -15588.0
2448  -9000.0 -15588.0
2450  -7500.0 -15588.0
2452  -6000.0 -15588.0
2454  -4500.0 -15588.0
2456  -3000.0 -15588.0
2458  -1500.0 -15588.0
2460      0.0 -15588.0
2462   1500.0 -15588.0
2464   3000.0 -15588.0
2466   4500.0 -15588.0
2468   6000.0 -15588.0
2470   7500.0 -15588.0
2472   9000.0 -15588.0
2474  10500.0 -15588.0
2476  12000.0 -15588.0
2478  13500.0 -15588.0
2480  15000.0 -15588.0
2482  16500.0 -15588.0
2484  18000.0 -15588.0
2486  19500.0 -15588.0
2488  21000.0 -15588.0
2490  22500.0 -15588.0
2492  24000.0 -15588.0
2494  25500.0 -15588.0
2624 -26250.0 -14289.0
2626 -24750.0 -14289.0
2628 -23250.0 -14289.0
2630 -21750.0 -14289.0
2632 -20250.0 -14289.0
2634 -18750.0 -14289.0
2636 -17250.0 -14289.0
2638 -15750.0 -14289.0
2640 -14250.0 -14289.0
2642 -12750.0 -14289.0
2644 -11250.0 -14289.0
2646  -9750.0 -14289.0
2648  -8250.0 -14289.0
2650  -6750.0 -14289.0
2652  -5250.0 -14289.0
2654  -3750.0 -14289.0
2656  -2250.0 -14289.0
2658   -750.0 -14289.0
2660    750.0 -14289.0
2662   2250.0 -14289.0
2664   3750.0 -14289.0
2666   5250.0 -14289.0
2668   6750.0 -14289.0
2670   8250.0 -14289.0
2672   9750.0 -14289.0
2674  11250.0 -14289.0
2676  12750.0 -14289.0
2678  14250.0 -14289.0
2680  15750.0 -14289.0
2682  17250.0 -14289.0
2684  18750.0 -14289.0
2686  20250.0 -14289.0
2688  21750.0 -14289.0
2690  23250.0 -14289.0
2692  24750.0 -14289.0
2694  26250.0 -14289.0
2822 -27000.0 -12990.0
2824 -25500.0 -12990.0
2826 -24000.0 -12990.0
2828 -22500.0 -12990.0
2830 -21000.0 -12990.0
2832 -19500.0 -12990.0
2834 -18000.0 -12990.0
2836 -16500.0 -12990.0
2838 -15000.0 -12990.0
2840 -13500.0 -12990.0
2842 -12000.0 -12990.0
2844 -10500.0 -12990.0
2846  -9000.0 -12990.0
2848  -7500.0 -12990.0
2850  -6000.0 -12990.0
2852  -4500.0 -12990.0
2854  -3000.0 -12990.0
2856  -1500.0 -12990.0
2858      0.0 -12990.0
2860   1500.0 -12990.0
2862   3000.0 -12990.0
2864   4500.0 -12990.0
2866   6000.0 -12990.0
2868   7500.0 -12990.0
2870   9000.0 -12990.0
2872  10500.0 -12990.0
2874  12000.0 -12990.0
2876  13500.0 -12990.0
2878  15000.0 -12990.0
2880  16500.0 -12990.0
2882  18000.0 -12990.0
2884  19500.0 -12990.0
2886  21000.0 -12990.0
2888  22500.0 -12990.0
2890  24000.0 -12990.0
2892  25500.0 -12990.0
2894  27000.0 -12990.0
3020 -27750.0 -11691.0
3022 -26250.0 -11691.0
3024 -24750.0 -11691.0
3026 -23250.0 -11691.0
3028 -21750.0 -11691.0
3030 -20250.0 -11691.0
3032 -18750.0 -11691.0
3034 -17250.0 -11691.0
3036 -15750.0 -11691.0
3038 -14250.0 -11691.0
3040 -12750.0 -11691.0
3042 -11250.0 -11691.0
3044  -9750.0 -11691.0
3046  -8250.0 -11691.0
3048  -6750.0 -11691.0
3050  -5250.0 -11691.0
3052  -3750.0 -11691.0
3054  -2250.0 -11691.0
3056   -750.0 -11691.0
3058    750.0 -11691.0
3060   2250.0 -11691.0
3062   3750.0 -11691.0
3064   5250.0 -11691.0
3066   6750.0 -11691.0
3068   8250.0 -11691.0
3070   9750.0 -11691.0
3072  11250.0 -11691.0
3074  12750.0 -11691.0
3076  14250.0 -11691.0
3078  15750.0 -11691.0
3080  17250.0 -11691.0
3082  18750.0 -11691.0
3084  20250.0 -11691.0
3086  21750.0 -11691.0
3088  23250.0 -11691.0
3090  24750.0 -11691.0
3092  26250.0 -11691.0
3094  27750.0 -11691.0
3218 -28500.0 -10392.0
3220 -27000.0 -10392.0
3222 -25500.0 -10392.0
3224 -24000.0 -10392.0
3226 -22500.0 -10392.0
3228 -21000.0 -10392.0
3230 -19500.0 -10392.0
3232 -18000.0 -10392.0
3234 -16500.0 -10392.0
3236 -15000.0 -10392.0
3238 -13500.0 -10392.0
3240 -12000.0 -10392.0
3242 -10500.0 -10392.0
3244  -9000.0 -10392.0
3246  -7500.0 -10392.0
3248  -6000.0 -10392.0
3250  -4500.0 -10392.0
3252  -3000.0 -10392.0
3254  -1500.0 -10392.0
3256      0.0 -10392.0
3258   1500.0 -10392.0
3260   3000.0 -10392.0
3262   4500.0 -10392.0
3264   6000.0 -10392.0
3266   7500.0 -10392.0
3268   9000.0 -10392.0
3270  10500.0 -10392.0
3272  12000.0 -10392.0
3274  13500.0 -10392.0
3276  15000.0 -10392.0
3278  16500.0 -10392.0
3280  18000.0 -10392.0
3282  19500.0 -10392.0
3284  21000.0 -10392.0
3286  22500.0 -10392.0
3288  24000.0 -10392.0
3290  25500.0 -10392.0
3292  27000.0 -10392.0
3294  28500.0 -10392.0
3416 -29250.0  -9093.0
3418 -27750.0  -9093.0
3420 -26250.0  -9093.0
3422 -24750.0  -9093.0
3424 -23250.0  -9093.0
3426 -21750.0  -9093.0
3428 -20250.0  -9093.0
3430 -18750.0  -9093.0
3432 -17250.0  -9093.0
3434 -15750.0  -9093.0
3436 -14250.0  -9093.0
3438 -12750.0  -9093.0
3440 -11250.0  -9093.0
3442  -9750.0  -9093.0
3444  -8250.0  -9093.0
3446  -6750.0  -9093.0
3448  -5250.0  -9093.0
3450  -3750.0  -9093.0
3452  -2250.0  -9093.0
3454   -750.0  -9093.0
3456    750.0  -9093.0
3458   2250.0  -9093.0
3460   3750.0  -9093.0
3462   5250.0  -9093.0
3464   6750.0  -9093.0
3466   8250.0  -9093.0
3468   9750.0  -9093.0
3470  11250.0  -9093.0
3472  12750.0  -9093.0
3474  14250.0  -9093.0
3476  15750.0  -9093.0
3478  17250.0  -9093.0
3480  18750.0  -9093.0
3482  20250.0  -9093.0
3484  21750.0  -9093.0
3486  23250.0  -9093.0
3488  24750.0  -9093.0
3490  26250.0  -9093.0
3492  27750.0  -9093.0
3494  29250.0  -9093.0
3614 -30000.0  -7794.0
3616 -28500.0  -7794.0
3618 -27000.0  -7794.0
3620 -25500.0  -7794.0
3622 -24000.0  -7794.0
3624 -22500.0  -7794.0
3626 -21000.0  -7794.0
3628 -19500.0  -7794.0
3630 -18000.0  -7794.0
3632 -16500.0  -7794.0
3634 -15000.0  -7794.0
3636 -13500.0  -7794.0
3638 -12000.0  -7794.0
3640 -10500.0  -7794.0
3642  -9000.0  -7794.0
3644  -7500.0  -7794.0
3646  -6000.0  -7794.0
3648  -4500.0  -7794.0
3650  -3000.0  -7794.0
3652  -1500.0  -7794.0
3654      0.0  -7794.0
3656   1500.0  -7794.0
3658   3000.0  -7794.0
3660   4500.0  -7794.0
3662   6000.0  -7794.0
3664   7500.0  -7794.0
3666   9000.0  -7794.0
3668  10500.0  -7794.0
3670  12000.0  -7794.0
3672  13500.0  -7794.0
3674  15000.0  -7794.0
3676  16500.0  -7794.0
3678  18000.0  -7794.0
3680  19500.0  -7794.0
3682  21000.0  -7794.0
3684  22500.0  -7794.0
3686  24000.0  -7794.0
3688  25500.0  -7794.0
3690  27000.0  -7794.0
3692  28500.0  -7794.0
3694  30000.0  -7794.0
3812 -30750.0  -6495.0
3814 -29250.0  -6495.0
3816 -27750.0  -6495.0
3818 -26250.0  -6495.0
3820 -24750.0  -6495.0
3822 -23250.0  -6495.0
3824 -21750.0  -6495.0
3826 -20250.0  -6495.0
3828 -18750.0  -6495.0
3830 -17250.0  -6495.0
3832 -15750.0  -6495.0
3834 -14250.0  -6495.0
3836 -12750.0  -6495.0
3838 -11250.0  -6495.0
3840  -9750.0  -6495.0
3842  -8250.0  -6495.0
3844  -6750.0  -6495.0
3846  -5250.0  -6495.0
3848  -3750.0  -6495.0
3850  -2250.0  -6495.0
3852   -750.0  -6495.0
3854    750.0  -6495.0
3856   2250.0  -6495.0
3858   3750.0  -6495.0
3860   5250.0  -6495.0
3862   6750.0  -6495.0
3864   8250.0  -6495.0
3866   9750.0  -6495.0
3868  11250.0  -6495.0
3870  12750.0  -6495.0
3872  14250.0  -6495.0
3874  15750.0  -6495.0
3876  17250.0  -6495.0
3878  18750.0  -6495.0
3880  20250.0  -6495.0
3882  21750.0  -6495.0
3884  23250.0  -6495.0
3886  24750.0  -6495.0
3888  26250.0  -6495.0
3890  27750.0  -6495.0
3892  29250.0  -6495.0
3894  30750.0  -6495.0
4010 -31500.0  -5196.0
4012 -30000.0  -5196.0
4014 -28500.0  -5196.0
4016 -27000.0  -5196.0
4018 -25500.0  -5196.0
4020 -24000.0  -5196.0
4022 -22500.0  -5196.0
4024 -21000.0  -5196.0
4026 -19500.0  -5196.0
4028 -18000.0  -5196.0
4030 -16500.0  -5196.0
4032 -15000.0  -5196.0
4034 -13500.0  -5196.0
4036 -12000.0  -5196.0
4038 -10500.0  -5196.0
4040  -9000.0  -5196.0
4042  -7500.0  -5196.0
4044  -6000.0  -5196.0
4046  -4500.0  -5196.0
4048  -3000.0  -5196.0
4050  -1500.0  -5196.0
4052      0.0  -5196.0
4054   1500.0  -5196.0
4056   3000.0  -5196.0
4058   4500.0  -5196.0
4060   6000.0  -5196.0
4062   7500.0  -5196.0
4064   9000.0  -5196.0
4066  10500.0  -5196.0
4068  12000.0  -5196.0
4070  13500.0  -5196.0
4072  15000.0  -5196.0
4074  16500.0  -5196.0
4076  18000.0  -5196.0
4078  19500.0  -5196.0
4080  21000.0  -5196.0
4082  22500.0  -5196.0
4084  24000.0  -5196.0
4086  25500.0  -5196.0
4088  27000.0  -5196.0
4090  28500.0  -5196.0
4092  30000.0  -5196.0
4094  31500.0  -5196.0
4208 -32250.0  -3897.0
4210 -30750.0  -3897.0
4212 -29250.0  -3897.0
4214 -27750.0  -3897.0
4216 -26250.0  -3897.0
4218 -24750.0  -3897.0
4220 -23250.0  -3897.0
4222 -21750.0  -3897.0
4224 -20250.0  -3897.0
4226 -18750.0  -3897.0
4228 -17250.0  -3897.0
4230 -15750.0  -3897.0
4232 -14250.0  -3897.0
4234 -12750.0  -3897.0
4236 -11250.0  -3897.0
4238  -9750.0  -3897.0
4240  -8250.0  -3897.0
4242  -6750.0  -3897.0
4244  -5250.0  -3897.0
4246  -3750.0  -3897.0
4248  -2250.0  -3897.0
4250   -750.0  -3897.0
4252    750.0  -3897.0
4254   2250.0  -3897.0
4256   3750.0  -3897.0
4258   5250.0  -3897.0
4260   6750.0  -3897.0
4262   8250.0  -3897.0
4264   9750.0  -3897.0
4266  11250.0  -3897.0
4268  12750.0  -3897.0
4270  14250.0  -3897.0
4272  15750.0  -3897.0
4274  17250.0  -3897.0
4276  18750.0  -3897.0
4278  20250.0  -3897.0
4280  21750.0  -3897.0
4282  23250.0  -3897.0
4284  24750.0  -3897.0
4286  26250.0  -3897.0
4288  27750.0  -3897.0
4290  29250.0  -3897.0
4292  30750.0  -3897.0
4294  32250.0  -3897.0
4406 -33000.0  -2598.0
4408 -31500.0  -2598.0
4410 -30000.0  -2598.0
4412 -28500.0  -2598.0
4414 -27000.0  -2598.0
4416 -25500.0  -2598.0
4418 -24000.0  -2598.0
4420 -22500.0  -2598.0
4422 -21000.0  -2598.0
4424 -19500.0  -2598.0
4426 -18000.0  -2598.0
4428 -16500.0  -2598.0
4430 -15000.0  -2598.0
4432 -13500.0  -2598.0
4434 -12000.0  -2598.0
4436 -10500.0  -2598.0
4438  -9000.0  -2598.0
4440  -7500.0  -2598.0
4442  -6000.0  -2598.0
4444  -4500.0  -2598.0
4446  -3000.0  -2598.0
4448  -1500.0  -2598.0
4450      0.0  -2598.0
4452   1500.0  -2598.0
4454   3000.0  -2598.0
4456   4500.0  -2598.0
4458   6000.0  -2598.0
4460   7500.0  -2598.0
4462   9000.0  -2598.0
4464  10500.0  -2598.0
4466  12000.0  -2598.0
4468  13500.0  -2598.0
4470  15000.0  -2598.0
4472  16500.0  -2598.0
4474  18000.0  -2598.0
4476  19500.0  -2598.0
4478  21000.0  -2598.0
4480  22500.0  -2598.0
4482  24000.0  -2598.0
4484  25500.0  -2598.0
4486  27000.0  -2598.0
4488  28500.0  -2598.0
4490  30000.0  -2598.0
4492  31500.0  -2598.0
4494  33000.0  -2598.0
4604 -33750.0  -1299.0
4606 -32250.0  -1299.0
4608 -30750.0  -1299.0
4610 -29250.0  -1299.0
4612 -27750.0  -1299.0
4614 -26250.0  -1299.0
4616 -24750.0  -1299.0
4618 -23250.0  -1299.0
4620 -21750.0  -1299.0
4622 -20250.0  -1299.0
4624 -18750.0  -1299.0
4626 -17250.0  -1299.0
4628 -15750.0  -1299.0
4630 -14250.0  -1299.0
4632 -12750.0  -1299.0
4634 -11250.0  -1299.0
4636  -9750.0  -1299.0
4638  -8250.0  -1299.0
4640  -6750.0  -1299.0
4642  -5250.0  -1299.0
4644  -3750.0  -1299.0
4646  -2250.0  -1299.0
4648   -750.0  -1299.0
4650    750.0  -1299.0
4652   2250.0  -1299.0
4654   3750.0  -1299.0
4656   5250.0  -1299.0
4658   6750.0  -1299.0
4660   8250.0  -1299.0
4662   9750.0  -1299.0
4664  11250.0  -1299.0
4666  12750.0  -1299.0
4668  14250.0  -1299.0
4670  15750.0  -1299.0
4672  17250.0  -1299.0
4674  18750.0  -1299.0
4676  20250.0  -1299.0
4678  21750.0  -1299.0
4680  23250.0  -1299.0
4682  24750.0  -1299.0
4684  26250.0  -1299.0
4686  27750.0  -1299.0
4688  29250.0  -1299.0
4690  30750.0  -1299.0
4692  32250.0  -1299.0
4694  33750.0  -1299.0
4802 -34500.0      0.0
4804 -33000.0      0.0
4806 -31500.0      0.0
4808 -30000.0      0.0
4810 -28500.0      0.0
4812 -27000.0      0.0
4814 -25500.0      0.0
4816 -24000.0      0.0
4818 -22500.0      0.0
4820 -21000.0      0.0
4822 -19500.0      0.0
4824 -18000.0      0.0
4826 -16500.0      0.0
4828 -15000.0      0.0
4830 -13500.0      0.0
4832 -12000.0      0.0
4834 -10500.0      0.0
4836  -9000.0      0.0
4838  -7500.0      0.0
4840  -6000.0      0.0
4842  -4500.0      0.0
4844  -3000.0      0.0
4846  -1500.0      0.0
4848      0.0      0.0
4850   1500.0      0.0
4852   3000.0      0.0
4854   4500.0      0.0
4856   6000.0      0.0
4858   7500.0      0.0
4860   9000.0      0.0
4862  10500.0      0.0
4864  12000.0      0.0
4866  13500.0      0.0
4868  15000.0      0.0
4870  16500.0      0.0
4872  18000.0      0.0
4874  19500.0      0.0
4876  21000.0      0.0
4878  22500.0      0.0
4880  24000.0      0.0
4882  25500.0      0.0
4884  27000.0      0.0
4886  28500.0      0.0
4888  30000.0      0.0
4890  31500.0      0.0
4892  33000.0      0.0
4894  34500.0      0.0
5002 -33750.0   1299.0
5004 -32250.0   1299.0
5006 -30750.0   1299.0
5008 -29250.0   1299.0
5010 -27750.0   1299.0
5012 -26250.0   1299.0
5014 -24750.0   1299.0
5016 -23250.0   1299.0
5018 -21750.0   1299.0
5020 -20250.0   1299.0
5022 -18750.0   1299.0
5024 -17250.0   1299.0
5026 -15750.0   1299.0
5028 -14250.0   1299.0
5030 -12750.0   1299.0
5032 -11250.0   1299.0
5034  -9750.0   1299.0
5036  -8250.0   1299.0
5038  -6750.0   1299.0
5040  -5250.0   1299.0
5042  -3750.0   1299.0
5044  -2250.0   1299.0
5046   -750.0   1299.0
5048    750.0   1299.0
5050   2250.0   1299.0
5052   3750.0   1299.0
5054   5250.0   1299.0
5056   6750.0   1299.0
5058   8250.0   1299.0
5060   9750.0   1299.0
5062  11250.0   1299.0
5064  12750.0   1299.0
5066  14250.0   1299.0
5068  15750.0   1299.0
5070  17250.0   1299.0
5072  18750.0   1299.0
5074  20250.0   1299.0
5076  21750.0   1299.0
5078  23250.0   1299.0
5080  24750.0   1299.0
5082  26250.0   1299.0
5084  27750.0   1299.0
5086  29250.0   1299.0
5088  30750.0   1299.0
5090  32250.0   1299.0
5092  33750.0   1299.0
5202 -33000.0   2598.0
5204 -31500.0   2598.0
5206 -30000.0   2598.0
5208 -28500.0   2598.0
5210 -27000.0   2598.0
5212 -25500.0   2598.0
5214 -24000.0   2598.0
5216 -22500.0   2598.0
5218 -21000.0   2598.0
5220 -19500.0   2598.0
5222 -18000.0   2598.0
5224 -16500.0   2598.0
5226 -15000.0   2598.0
5228 -13500.0   2598.0
5230 -12000.0   2598.0
5232 -10500.0   2598.0
5234  -9000.0   2598.0
5236  -7500.0   2598.0
5238  -6000.0   2598.0
5240  -4500.0   2598.0
5242  -3000.0   2598.0
5244  -1500.0   2598.0
5246      0.0   2598.0
5248   1500.0   2598.0
5250   3000.0   2598.0
5252   4500.0   2598.0
5254   6000.0   2598.0
5256   7500.0   2598.0
5258   9000.0   2598.0
5260  10500.0   2598.0
5262  12000.0   2598.0
5264  13500.0   2598.0
5266  15000.0   2598.0
5268  16500.0   2598.0
5270  18000.0   2598.0
5272  19500.0   2598.0
5274  21000.0   2598.0
5276  22500.0   2598.0
5278  24000.0   2598.0
5280  25500.0   2598.0
5282  27000.0   2598.0
5284  28500.0   2598.0
5286  30000.0   2598.0
5288  31500.0   2598.0
5290  33000.0   2598.0
5402 -32250.0   3897.0
5404 -30750.0   3897.0
5406 -29250.0   3897.0
5408 -27750.0   3897.0
5410 -26250.0   3897.0
5412 -24750.0   3897.0
5414 -23250.0   3897.0
5416 -21750.0   3897.0
5418 -20250.0   3897.0
5420 -18750.0   3897.0
5422 -17250.0   3897.0
5424 -15750.0   3897.0
5426 -14250.0   3897.0
5428 -12750.0   3897.0
5430 -11250.0   3897.0
5432  -9750.0   3897.0
5434  -8250.0   3897.0
5436  -6750.0   3897.0
5438  -5250.0   3897.0
5440  -3750.0   3897.0
5442  -2250.0   3897.0
5444   -750.0   3897.0
5446    750.0   3897.0
5448   2250.0   3897.0
5450   3750.0   3897.0
5452   5250.0   3897.0
5454   6750.0   3897.0
5456   8250.0   3897.0
5458   9750.0   3897.0
5460  11250.0   3897.0
5462  12750.0   3897.0
5464  14250.0   3897.0
5466  15750.0   3897.0
5468  17250.0   3897.0
5470  18750.0   3897.0
5472  20250.0   3897.0
5474  21750.0   3897.0
5476  23250.0   3897.0
5478  24750.0   3897.0
5480  26250.0   3897.0
5482  27750.0   3897.0
5484  29250.0   3897.0
5486  30750.0   3897.0
5488  32250.0   3897.0
5602 -31500.0   5196.0
5604 -30000.0   5196.0
5606 -28500.0   5196.0
5608 -27000.0   5196.0
5610 -25500.0   5196.0
5612 -24000.0   5196.0
5614 -22500.0   5196.0
5616 -21000.0   5196.0
5618 -19500.0   5196.0
5620 -18000.0   5196.0
5622 -16500.0   5196.0
5624 -15000.0   5196.0
5626 -13500.0   5196.0
5628 -12000.0   5196.0
5630 -10500.0   5196.0
5632  -9000.0   5196.0
5634  -7500.0   5196.0
5636  -6000.0   5196.0
5638  -4500.0   5196.0
5640  -3000.0   5196.0
5642  -1500.0   5196.0
5644      0.0   5196.0
5646   1500.0   5196.0
5648   3000.0   5196.0
5650   4500.0   5196.0
5652   6000.0   5196.0
5654   7500.0   5196.0
5656   9000.0   5196.0
5658  10500.0   5196.0
5660  12000.0   5196.0
5662  13500.0   5196.0
5664  15000.0   5196.0
5666  16500.0   5196.0
5668  18000.0   5196.0
5670  19500.0   5196.0
5672  21000.0   5196.0
5674  22500.0   5196.0
5676  24000.0   5196.0
5678  25500.0   5196.0
5680  27000.0   5196.0
5682  28500.0   5196.0
5684  30000.0   5196.0
5686  31500.0   5196.0
5802 -30750.0   6495.0
5804 -29250.0   6495.0
5806 -27750.0   6495.0
5808 -26250.0   6495.0
5810 -24750.0   6495.0
5812 -23250.0   6495.0
5814 -21750.0   6495.0
5816 -20250.0   6495.0
5818 -18750.0   6495.0
5820 -17250.0   6495.0
5822 -15750.0   6495.0
5824 -14250.0   6495.0
5826 -12750.0   6495.0
5828 -11250.0   6495.0
5830  -9750.0   6495.0
5832  -8250.0   6495.0
5834  -6750.0   6495.0
5836  -5250.0   6495.0
5838  -3750.0   6495.0
5840  -2250.0   6495.0
5842   -750.0   6495.0
5844    750.0   6495.0
5846   2250.0   6495.0
5848   3750.0   6495.0
5850   5250.0   6495.0
5852   6750.0   6495.0
5854   8250.0   6495.0
5856   9750.0   6495.0
5858  11250.0   6495.0
5860  12750.0   6495.0
5862  14250.0   6495.0
5864  15750.0   6495.0
5866  17250.0   6495.0
5868  18750.0   6495.0
5870  20250.0   6495.0
5872  21750.0   6495.0
5874  23250.0   6495.0
5876  24750.0   6495.0
5878  26250.0   6495.0
5880  27750.0   6495.0
5882  29250.0   6495.0
5884  30750.0   6495.0
6002 -30000.0   7794.0
6004 -28500.0   7794.0
6006 -27000.0   7794.0
6008 -25500.0   7794.0
6010 -24000.0   7794.0
6012 -22500.0   7794.0
6014 -21000.0   7794.0
6016 -19500.0   7794.0
6018 -18000.0   7794.0
6020 -16500.0   7794.0
6022 -15000.0   7794.0
6024 -13500.0   7794.0
6026 -12000.0   7794.0
6028 -10500.0   7794.0
6030  -9000.0   7794.0
6032  -7500.0   7794.0
6034  -6000.0   7794.0
6036  -4500.0   7794.0
6038  -3000.0   7794.0
6040  -1500.0   7794.0
6042      0.0   7794.0
6044   1500.0   7794.0
6046   3000.0   7794.0
6048   4500.0   7794.0
6050   6000.0   7794.0
6052   7500.0   7794.0
6054   9000.0   7794.0
6056  10500.0   7794.0
6058  12000.0   7794.0
6060  13500.0   7794.0
6062  15000.0   7794.0
6064  16500.0   7794.0
6066  18000.0   7794.0
6068  19500.0   7794.0
6070  21000.0   7794.0
6072  22500.0   7794.0
6074  24000.0   7794.0
6076  25500.0   7794.0
6078  27000.0   7794.0
6080  28500.0   7794.0
6082  30000.0   7794.0
6202 -29250.0   9093.0
6204 -27750.0   9093.0
6206 -26250.0   9093.0
6208 -24750.0   9093.0
6210 -23250.0   9093.0
6212 -21750.0   9093.0
6214 -20250.0   9093.0
6216 -18750.0   9093.0
6218 -17250.0   9093.0
6220 -15750.0   9093.0
6222 -14250.0   9093.0
6224 -12750.0   9093.0
6226 -11250.0   9093.0
6228  -9750.0   9093.0
6230  -8250.0   9093.0
6232  -6750.0   9093.0
6234  -5250.0   9093.0
6236  -3750.0   9093.0
6238  -2250.0   9093.0
6240   -750.0   9093.0
6242    750.0   9093.0
6244   2250.0   9093.0
6246   3750.0   9093.0
6248   5250.0   9093.0
6250   6750.0   9093.0
6252   8250.0   9093.0
6254   9750.0   9093.0
6256  11250.0   9093.0
6258  12750.0   9093.0
6260  14250.0   9093.0
6262  15750.0   9093.0
6264  17250.0   9093.0
6266  18750.0   9093.0
6268  20250.0   9093.0
6270  21750.0   9093.0
6272  23250.0   9093.0
6274  24750.0   9093.0
6276  26250.0   9093.0
6278  27750.0   9093.0
6280  29250.0   9093.0
6402 -28500.0  10392.0
6404 -27000.0  10392.0
6406 -25500.0  10392.0
6408 -24000.0  10392.0
6410 -22500.0  10392.0
6412 -21000.0  10392.0
6414 -19500.0  10392.0
6416 -18000.0  10392.0
6418 -16500.0  10392.0
6420 -15000.0  10392.0
6422 -13500.0  10392.0
6424 -12000.0  10392.0
6426 -10500.0  10392.0
6428  -9000.0  10392.0
6430  -7500.0  10392.0
6432  -6000.0  10392.0
6434  -4500.0  10392.0
6436  -3000.0  10392.0
6438  -1500.0  10392.0
6440      0.0  10392.0
6442   1500.0  10392.0
6444   3000.0  10392.0
6446   4500.0  10392.0
6448   6000.0  10392.0
6450   7500.0  10392.0
6452   9000.0  10392.0
6454  10500.0  10392.0
6456  12000.0  10392.0
6458  13500.0  10392.0
6460  15000.0  10392.0
6462  16500.0  10392.0
6464  18000.0  10392.0
6466  19500.0  10392.0
6468  21000.0  10392.0
6470  22500.0  10392.0
6472  24000.0  10392.0
6474  25500.0  10392.0
6476  27000.0  10392.0
6478  28500.0  10392.0
6602 -27750.0  11691.0
6604 -26250.0  11691.0
6606 -24750.0  11691.0
6608 -23250.0  11691.0
6610 -21750.0  11691.0
6612 -20250.0  11691.0
6614 -18750.0  11691.0
6616 -17250.0  11691.0
6618 -15750.0  11691.0
6620 -14250.0  11691.0
6622 -12750.0  11691.0
6624 -11250.0  11691.0
6626  -9750.0  11691.0
6628  -8250.0  11691.0
6630  -6750.0  11691.0
6632  -5250.0  11691.0
6634  -3750.0  11691.0
6636  -2250.0  11691.0
6638   -750.0  11691.0
6640    750.0  11691.0
6642   2250.0  11691.0
6644   3750.0  11691.0
6646   5250.0  11691.0
6648   6750.0  11691.0
6650   8250.0  11691.0
6652   9750.0  11691.0
6654  11250.0  11691.0
6656  12750.0  11691.0
6658  14250.0  11691.0
6660  15750.0  11691.0
6662  17250.0  11691.0
6664  18750.0  11691.0
6666  20250.0  11691.0
6668  21750.0  11691.0
6670  23250.0  11691.0
6672  24750.0  11691.0
6674  26250.0  11691.0
6676  27750.0  11691.0
6802 -27000.0  12990.0
6804 -25500.0  12990.0
6806 -24000.0  12990.0
6808 -22500.0  12990.0
6810 -21000.0  12990.0
6812 -19500.0  12990.0
6814 -18000.0  12990.0
6816 -16500.0  12990.0
6818 -15000.0  12990.0
6820 -13500.0  12990.0
6822 -12000.0  12990.0
6824 -10500.0  12990.0
6826  -9000.0  12990.0
6828  -7500.0  12990.0
6830  -6000.0  12990.0
6832  -4500.0  12990.0
6834  -3000.0  12990.0
6836  -1500.0  12990.0
6838      0.0  12990.0
6840   1500.0  12990.0
6842   3000.0  12990.0
6844   4500.0  12990.0
6846   6000.0  12990.0
6848   7500.0  12990.0
6850   9000.0  12990.0
6852  10500.0  12990.0
6854  12000.0  12990.0
6856  13500.0  12990.0
6858  15000.0  12990.0
6860  16500.0  12990.0
6862  18000.0  12990.0
6864  19500.0  12990.0
6866  21000.0  12990.0
6868  22500.0  12990.0
6870  24000.0  12990.0
6872  25500.0  12990.0
6874  27000.0  12990.0
7002 -26250.0  14289.0
7004 -24750.0  14289.0
7006 -23250.0  14289.0
7008 -21750.0  14289.0
7010 -20250.0  14289.0
7012 -18750.0  14289.0
7014 -17250.0  14289.0
7016 -15750.0  14289.0
7018 -14250.0  14289.0
7020 -12750.0  14289.0
7022 -11250.0  14289.0
7024  -9750.0  14289.0
7026  -8250.0  14289.0
7028  -6750.0  14289.0
7030  -5250.0  14289.0
7032  -3750.0  14289.0
7034  -2250.0  14289.0
7036   -750.0  14289.0
7038    750.0  14289.0
7040   2250.0  14289.0
7042   3750.0  14289.0
7044   5250.0  14289.0
7046   6750.0  14289.0
7048   8250.0  14289.0
7050   9750.0  14289.0
7052  11250.0  14289.0
7054  12750.0  14289.0
7056  14250.0  14289.0
7058  15750.0  14289.0
7060  17250.0  14289.0
7062  18750.0  14289.0
7064  20250.0  14289.0
7066  21750.0  14289.0
7068  23250.0  14289.0
7070  24750.0  14289.0
7072  26250.0  14289.0
7202 -25500.0  15588.0
7204 -24000.0  15588.0
7206 -22500.0  15588.0
7208 -21000.0  15588.0
7210 -19500.0  15588.0
7212 -18000.0  15588.0
7214 -16500.0  15588.0
7216 -15000.0  15588.0
7218 -13500.0  15588.0
7220 -12000.0  15588.0
7222 -10500.0  15588.0
7224  -9000.0  15588.0
7226  -7500.0  15588.0
7228  -6000.0  15588.0
7230  -4500.0  15588.0
7232  -3000.0  15588.0
7234  -1500.0  15588.0
7236      0.0  15588.0
7238   1500.0  15588.0
7240   3000.0  15588.0
7242   4500.0  15588.0
7244   6000.0  15588.0
7246   7500.0  15588.0
7248   9000.0  15588.0
7250  10500.0  15588.0
7252  12000.0  15588.0
7254  13500.0  15588.0
7256  15000.0  15588.0
7258  16500.0  15588.0
7260  18000.0  15588.0
7262  19500.0  15588.0
7264  21000.0  15588.0
7266  22500.0  15588.0
7268  24000.0  15588.0
7270  25500.0  15588.0
7402 -24750.0  16887.0
7404 -23250.0  16887.0
7406 -21750.0  16887.0
7408 -20250.0  16887.0
7410 -18750.0  16887.0
7412 -17250.0  16887.0
7414 -15750.0  16887.0
7416 -14250.0  16887.0
7418 -12750.0  16887.0
7420 -11250.0  16887.0
7422  -9750.0  16887.0
7424  -8250.0  16887.0
7426  -6750.0  16887.0
7428  -5250.0  16887.0
7430  -3750.0  16887.0
7432  -2250.0  16887.0
7434   -750.0  16887.0
7436    750.0  16887.0
7438   2250.0  16887.0
7440   3750.0  16887.0
7442   5250.0  16887.0
7444   6750.0  16887.0
7446   8250.0  16887.0
7448   9750.0  16887.0
7450  11250.0  16887.0
7452  12750.0  16887.0
7454  14250.0  16887.0
7456  15750.0  16887.0
7458  17250.0  16887.0
7460  18750.0  16887.0
7462  20250.0  16887.0
7464  21750.0  16887.0
7466  23250.0  16887.0
7468  24750.0  16887.0
7602 -24000.0  18187.0
7604 -22500.0  18187.0
7606 -21000.0  18187.0
7608 -19500.0  18187.0
7610 -18000.0  18187.0
7612 -16500.0  18187.0
7614 -15000.0  18187.0
7616 -13500.0  18187.0
7618 -12000.0  18187.0
7620 -10500.0  18187.0
7622  -9000.0  18187.0
7624  -7500.0  18187.0
7626  -6000.0  18187.0
7628  -4500.0  18187.0
7630  -3000.0  18187.0
7632  -1500.0  18187.0
7634      0.0  18187.0
7636   1500.0  18187.0
7638   3000.0  18187.0
7640   4500.0  18187.0
7642   6000.0  18187.0
7644   7500.0  18187.0
7646   9000.0  18187.0
7648  10500.0  18187.0
7650  12000.0  18187.0
7652  13500.0  18187.0
7654  15000.0  18187.0
7656  16500.0  18187.0
7658  18000.0  18187.0
7660  19500.0  18187.0
7662  21000.0  18187.0
7664  22500.0  18187.0
7666  24000.0  18187.0
7802 -23250.0  19486.0
7804 -21750.0  19486.0
7806 -20250.0  19486.0
7808 -18750.0  19486.0
7810 -17250.0  19486.0
7812 -15750.0  19486.0
7814 -14250.0  19486.0
7816 -12750.0  19486.0
7818 -11250.0  19486.0
7820  -9750.0  19486.0
7822  -8250.0  19486.0
7824  -6750.0  19486.0
7826  -5250.0  19486.0
7828  -3750.0  19486.0
7830  -2250.0  19486.0
7832   -750.0  19486.0
7834    750.0  19486.0
7836   2250.0  19486.0
7838   3750.0  19486.0
7840   5250.0  19486.0
7842   6750.0  19486.0
7844   8250.0  19486.0
7846   9750.0  19486.0
7848  11250.0  19486.0
7850  12750.0  19486.0
7852  14250.0  19486.0
7854  15750.0  19486.0
7856  17250.0  19486.0
7858  18750.0  19486.0
7860  20250.0  19486.0
7862  21750.0  19486.0
7864  23250.0  19486.0
8002 -22500.0  20785.0
8004 -21000.0  20785.0
8006 -19500.0  20785.0
8008 -18000.0  20785.0
8010 -16500.0  20785.0
8012 -15000.0  20785.0
8014 -13500.0  20785.0
8016 -12000.0  20785.0
8018 -10500.0  20785.0
8020  -9000.0  20785.0
8022  -7500.0  20785.0
8024  -6000.0  20785.0
8026  -4500.0  20785.0
8028  -3000.0  20785.0
8030  -1500.0  20785.0
8032      0.0  20785.0
8034   1500.0  20785.0
8036   3000.0  20785.0
8038   4500.0  20785.0
8040   6000.0  20785.0
8042   7500.0  20785.0
8044   9000.0  20785.0
8046  10500.0  20785.0
8048  12000.0  20785.0
8050  13500.0  20785.0
8052  15000.0  20785.0
8054  16500.0  20785.0
8056  18000.0  20785.0
8058  19500.0  20785.0
8060  21000.0  20785.0
8062  22500.0  20785.0
8202 -21750.0  22084.0
8204 -20250.0  22084.0
8206 -18750.0  22084.0
8208 -17250.0  22084.0
8210 -15750.0  22084.0
8212 -14250.0  22084.0
8214 -12750.0  22084.0
8216 -11250.0  22084.0
8218  -9750.0  22084.0
8220  -8250.0  22084.0
8222  -6750.0  22084.0
8224  -5250.0  22084.0
8226  -3750.0  22084.0
8228  -2250.0  22084.0
8230   -750.0  22084.0
8232    750.0  22084.0
8234   2250.0  22084.0
8236   3750.0  22084.0
8238   5250.0  22084.0
8240   6750.0  22084.0
8242   8250.0  22084.0
8244   9750.0  22084.0
8246  11250.0  22084.0
8248  12750.0  22084.0
8250  14250.0  22084.0
8252  15750.0  22084.0
8254  17250.0  22084.0
8256  18750.0  22084.0
8258  20250.0  22084.0
8260  21750.0  22084.0
8402 -21000.0  23383.0
8404 -19500.0  23383.0
8406 -18000.0  23383.0
8408 -16500.0  23383.0
8410 -15000.0  23383.0
8412 -13500.0  23383.0
8414 -12000.0  23383.0
8416 -10500.0  23383.0
8418  -9000.0  23383.0
8420  -7500.0  23383.0
8422  -6000.0  23383.0
8424  -4500.0  23383.0
8426  -3000.0  23383.0
8428  -1500.0  23383.0
8430      0.0  23383.0
8432   1500.0  23383.0
8434   3000.0  23383.0
8436   4500.0  23383.0
8438   6000.0  23383.0
8440   7500.0  23383.0
8442   9000.0  23383.0
8444  10500.0  23383.0
8446  12000.0  23383.0
8448  13500.0  23383.0
8450  15000.0  23383.0
8452  16500.0  23383.0
8454  18000.0  23383.0
8456  19500.0  23383.0
8458  21000.0  23383.0
8602 -20250.0  24682.0
8604 -18750.0  24682.0
8606 -17250.0  24682.0
8608 -15750.0  24682.0
8610 -14250.0  24682.0
8612 -12750.0  24682.0
8614 -11250.0  24682.0
8616  -9750.0  24682.0
8618  -8250.0  24682.0
8620  -6750.0  24682.0
8622  -5250.0  24682.0
8624  -3750.0  24682.0
8626  -2250.0  24682.0
8628   -750.0  24682.0
8630    750.0  24682.0
8632   2250.0  24682.0
8634   3750.0  24682.0
8636   5250.0  24682.0
8638   6750.0  24682.0
8640   8250.0  24682.0
8642   9750.0  24682.0
8644  11250.0  24682.0
8646  12750.0  24682.0
8648  14250.0  24682.0
8650  15750.0  24682.0
8652  17250.0  24682.0
8654  18750.0  24682.0
8656  20250.0  24682.0
8802 -19500.0  25981.0
8804 -18000.0  25981.0
8806 -16500.0  25981.0
8808 -15000.0  25981.0
8810 -13500.0  25981.0
8812 -12000.0  25981.0
8814 -10500.0  25981.0
8816  -9000.0  25981.0
8818  -7500.0  25981.0
8820  -6000.0  25981.0
8822  -4500.0  25981.0
8824  -3000.0  25981.0
8826  -1500.0  25981.0
8828      0.0  25981.0
8830   1500.0  25981.0
8832   3000.0  25981.0
8834   4500.0  25981.0
8836   6000.0  25981.0
8838   7500.0  25981.0
8840   9000.0  25981.0
8842  10500.0  25981.0
8844  12000.0  25981.0
8846  13500.0  25981.0
8848  15000.0  25981.0
8850  16500.0  25981.0
8852  18000.0  25981.0
8854  19500.0  25981.0
9002 -18750.0  27280.0
9004 -17250.0  27280.0
9006 -15750.0  27280.0
9008 -14250.0  27280.0
9010 -12750.0  27280.0
9012 -11250.0  27280.0
9014  -9750.0  27280.0
9016  -8250.0  27280.0
9018  -6750.0  27280.0
9020  -5250.0  27280.0
9022  -3750.0  27280.0
9024  -2250.0  27280.0
9026   -750.0  27280.0
9028    750.0  27280.0
9030   2250.0  27280.0
9032   3750.0  27280.0
9034   5250.0  27280.0
9036   6750.0  27280.0
9038   8250.0  27280.0
9040   9750.0  27280.0
9042  11250.0  27280.0
9044  12750.0  27280.0
9046  14250.0  27280.0
9048  15750.0  27280.0
9050  17250.0  27280.0
9052  18750.0  27280.0
9202 -18000.0  28579.0
9204 -16500.0  28579.0
9206 -15000.0  28579.0
9208 -13500.0  28579.0
9210 -12000.0  28579.0
9212 -10500.0  28579.0
9214  -9000.0  28579.0
9216  -7500.0  28579.0
9218  -6000.0  28579.0
9220  -4500.0  28579.0
9222  -3000.0  28579.0
9224  -1500.0  28579.0
9226      0.0  28579.0
9228   1500.0  28579.0
9230   3000.0  28579.0
9232   4500.0  28579.0
9234   6000.0  28579.0
9236   7500.0  28579.0
9238   9000.0  28579.0
9240  10500.0  28579.0
9242  12000.0  28579.0
9244  13500.0  28579.0
9246  15000.0  28579.0
9248  16500.0  28579.0
9250  18000.0  28579.0
9402 -17250.0  29878.0
9404 -15750.0  29878.0
9406 -14250.0  29878.0
9408 -12750.0  29878.0
9410 -11250.0  29878.0
9412  -9750.0  29878.0
9414  -8250.0  29878.0
9416  -6750.0  29878.0
9418  -5250.0  29878.0
9420  -3750.0  29878.0
9422  -2250.0  29878.0
9424   -750.0  29878.0
9426    750.0  29878.0
9428   2250.0  29878.0
9430   3750.0  29878.0
9432   5250.0  29878.0
9434   6750.0  29878.0
9436   8250.0  29878.0
9438   9750.0  29878.0
9440  11250.0  29878.0
9442  12750.0  29878.0
9444  14250.0  29878.0
9446  15750.0  29878.0
9448  17250.0  29878.0
