1	0.00	0.00
2	-15.00	25.98
3	15.00	25.98
4	30.00	0.00
5	15.00	-25.98
6	-15.00	-25.98
7	-30.00	0.00
8	-30.00	51.96
9	0.00	51.96
10	30.00	51.96
11	45.00	25.98
12	60.00	0.00
13	45.00	-25.98
14	30.00	-51.96
15	0.00	-51.96
16	-30.00	-51.96
17	-45.00	-25.98
18	-60.00	0.00
19	-45.00	25.98
20	-45.00	77.94
21	-15.00	77.94
22	15.00	77.94
23	45.00	77.94
24	60.00	51.96
25	75.00	25.98
26	90.00	0.00
27	75.00	-25.98
28	60.00	-51.96
29	45.00	-77.94
30	15.00	-77.94
31	-15.00	-77.94
32	-45.00	-77.94
33	-60.00	-51.96
34	-75.00	-25.98
35	-90.00	0.00
36	-75.00	25.98
37	-60.00	51.96
